111110101111100011111011
111111111111111011111111
111101101111000011111010
100001110111110010001100
001100100001110000110011
010100110010111101001001
010100100001101000110111
011100000010010100111100
100010110010100000111010
101000000011000100111000
101010100011001000110100
101010110011010100110101
101001100011100100111110
100110100011101001000110
100010110011011101001111
100001000011110001010010
011110110011110001000111
100001110100001101001110
100110000100010001011011
101010010011111001011000
110010000100001101010110
110010110011000000111000
110110110010110000101001
111000110010110000100100
110111100010101100100100
110110010010111000100111
110100000011000100101011
110011100011010000101100
110100010011001100101000
110101100011001000101000
110111110010110100101011
111000000010110000101111
110111100010101000110110
110111100010101000110101
111000100010100100101110
111000110010101000100111
111000110010101000100101
111000100010101100100101
110111110010101100101010
110111100010110000101100
110111100010111000110000
110111000010111000101101
110111010011000000101100
110110010011010000101110
110100110011100000110100
110001000011011000110100
101010100010100100101110
100010110010000000110010
011100110010000101001001
010011000001100101000010
001100100010010000111101
010010110101010001011101
110011001101111011011110
111011101111111111111001
111110111111110111111010
111111111111110011111001
111111101111110111111011
111101111111011111110101
111111101111111111111111
111110111111110011111110
111111101111011111111110
111110111111011011111100
111101001111000111111000
100110001001011010100011
001110000011000101000011
001111010010100101000010
010101100010111101001010
011000110010001100111101
100010100011001001001000
101000010011100001000110
101011110011110101000101
101010000011101000111101
100111110011100000111011
100101000011101001000100
011100100010010100110101
011000110001111000111010
010111110010010100111110
010111000010110000111000
010110000010010000110001
011010110010011101000000
100001100010110001001000
101010110011011101001100
110001000011100001000101
110100110011000000110001
111000010011010000101110
110110110010110000100111
110110010010111000100111
110100110011000000101011
110100010011001000101100
110101000011000100101010
110110000010111100101010
111000000010110000101101
111000100010101100110000
110111110010100100110101
110111100010101000110011
111000010010101000101100
111000010010101100100111
111000010010110000100101
110111110010110000100111
110111100010110000101010
110111000010110000101110
111000010010111000110010
110111010010110100101111
110110010010101100101010
110101010010110000101001
110100010011001000101111
110011000011011000111000
110000100011011100111110
101011110011011001001001
011110010001111001000001
011011100011001001010110
010010000011000001000110
001000100010001000101100
010000100100110101010001
110110101110100011101000
111111101111111111111111
111111011111101111111100
111110111111100111111010
111111111111111111111111
111110011111101111111010
111101001111011011110101
111111011111100011111100
111111111111110011111111
101000111010000110101110
001100000011010101001001
001010000010100001000000
001111110010111101001010
010110110010111101001000
011111000010101100111110
101010010011111101001011
101000100010101100110001
101100100011111101000100
100100000011001100111011
011100100010101000110101
010111100010101100111110
010001100010000000111001
010101010011001001010000
010010010010110001001000
010000000010110101000000
010001010011000001000001
010100000010110001001000
010110110010001001000010
011011100001101100110111
101000100011010101001010
110010000100000001001010
110010000010111000110000
110101000010111100101101
110110010010110100101001
110101110010111000101001
110110000010111100101100
110110100010111000101100
110111000010110000101110
111000110010100000101111
111001010010011100110001
111000010010100100110001
110111110010101100101110
110111100010110000101000
110111000010111000100101
110110110010111100100101
110110110010111000100111
110110110010110100101110
110111000010101100110001
110111100010101000110011
110111100010101100110001
110111100010101100101111
110110010010101100101101
110101110010110100110000
110101110011000000111000
110101110011001001000010
110010000011011001001011
101001010011010001010000
011110010010101101000101
010010110001111000110010
010001100011010001000010
001011110010111100111001
010101000101101101100101
111011111111000111111101
111101111111011111111111
111111001111101111111111
111111101111111011111111
111100011111001111110000
111111101111111111111101
111111101111111011111100
110010001100001011010000
010011100100101001011011
001010010010011100111111
010000010011011101010000
010001010010010100111101
011110110011111001010000
101000000011111101001000
101001010010111000110010
101101110011110000111110
100110110011000100110101
011111000011000000111101
010110000010100100111101
010010100011001101001101
001111100011010001001101
001010100001111000110110
001001010001110100110010
001011000010101100111011
001011100010101000111011
001110010010010101000001
010101100011000101010010
011000100010011101000111
011100100001111100111001
101010000011100101001001
110010010100001001001001
110011110011000100110010
110101110010111000101011
110110100010111000101010
110110110010110100101100
110110100010111000101110
110111000010101100110001
111000010010100100110011
111000110010100000110011
111000100010100100101111
110111110010101100101100
110111000010111000100111
110110100010111100100101
110110100010111100100111
110110100010111000101010
110111000010110000101111
110111110010101000110011
111000000010100000110010
111000100010101000110100
111000100010110100110010
110111100010111000110001
110111000010111000110000
110110110010111000110100
110110100010101100111000
110011010010111100111110
110001110100011101010110
100100010010111100111110
011101100011001001000001
010101100010101100111100
010000110011000001000011
001011000010011100111011
011101110111010110001010
111101001111011011111111
111101101111011011111111
111111111111111011111111
111110111111110111111010
111101011111100011110001
111111101111111111111010
011010100110010101111001
001000100001100100101110
010001000011000001001001
010101100010111001000110
011110100011011101001000
100100000011001100111011
101011010011011100110011
101011010011000100101001
101001010010111100101101
100011010011000000111000
011000010010011000111100
010010010010110001001010
001011000010010101000100
001011000011000001001001
011011000111000001111011
101100111011100010111110
110010001100101111010100
100100001000110010011011
010101000100010001011110
001101110001110100111010
010010000001111100111111
010111100010001000111110
100000100010101100111110
101011100011101001000101
110001110011010100110110
110101010011000000101110
110110100010111000101010
110110100010111000101100
110101010010111100110001
110101010010111000110101
110110100010110000110110
110111000010101100110101
111000010010100100110001
111000010010101000101110
110111000010110100101010
110110100010111100101000
110110100010111000101010
110111000010110000101100
111000100010100100110001
111001010010011100110011
111010000010100000110101
111001010010101000110011
110111110010101100101110
110110010010101100101010
110101110010111000101011
110110000011000000101101
110110110011000100110100
110101010011001000110101
110001010011010100110101
110000000100010101001000
100111100011110101001000
011011010010011000111000
010010110010001100111101
001110010010011001000010
001110010011001101001111
100110101001101010110010
111111101111110111111111
111011101110111111110100
111111111111111111111101
111101101111100111110000
111101101111111011110011
001010110010010101000001
001110100010101001000100
010111010011011101010000
011001010010011000111001
100101010011100001000011
101001010011010000110110
101100100011011100110000
101011000011010100101111
101000010011110100111111
011010010001110100101010
010100100010010101000100
010001100011001001010101
001101010011001001010001
100001101000110110100000
111100001111101011111011
111100101111110111110111
111101001111110011111110
111111101111111011111111
110100111100100011011000
010111100100101101100001
001111010010001101000000
010110110011000001001100
010111010001110000110010
101000000011111001001011
110000000011100100111101
110100100011001100110000
110110000011000000101101
110110010011000000101101
110101000011000000110001
110100110011000000110101
110101110010111000110101
110111000010101100110011
111000010010100100110001
111000010010101000101110
110111000010110000101100
110110100010111000101010
110110100010111000101100
110111000010110000101110
111000010010100100110001
111000110010100000110001
111001100010100000110010
111000100010100100101111
110111010010101100101011
110101110010101100100111
110101100010111100100111
110110000011000100101011
110110110010111100101101
110110000010111100101100
110100000011001000101001
110000010011001000101100
101101110011101101000011
100111010011110001001111
011010100010101001000101
010001110010010001000100
001111000010111101001101
001110100011011101010010
110010111100101011011010
111110011111100111111111
111110101111110011111001
111111001111111111111000
111100111111110111110010
001101100010110001001111
010010000010111101001101
011001000010101001000011
100100100011111001001110
101010000011100101000000
101001010010111000110000
101000010011000100110000
101001000100010001001000
100000100011101001001000
010101100010000100111011
010100010010111101010010
001001110001001100110110
100010010111111110011000
111111001111110011111111
111101111111111111110100
111110011111111111110100
111100101111111011110100
111010101111000011101110
111111111111110111111111
110001101011110011000111
001110010010110001000000
001111110010011100111101
010111010010111001000010
011110000010101000111000
101110010011111001000011
110011000011011000110101
110101100011000100101111
110110010011000000101101
110101100011000000110000
110101100011000000110010
110111000010110000101111
111000010010101000101110
111000110010100000101111
111000100010100100101110
110111100010110000101100
110110100010111000101100
110110000010111100101010
110110000010111100101100
110110110010110100101110
110111000010110000101110
110111000010100100101100
110111000010110000101100
110111000010111100101011
110110110011000000101001
110110110011000000101001
110111010010111000101001
110111010010100100101000
110110110010100000100100
110110010010111000100100
110110110011110100110100
101111010010101000110000
101110000011110101001111
100010110011001001001110
011000100010101101001010
010000110010101001000111
001011110010101001000001
010111010101110001101100
111101111111101011111111
111110101111111011111101
111010011111000011101001
111110001111111111111010
001110110011000001011000
010010110011000001010011
011100110011100101010010
100100000011110101001111
101000000011101001000101
101000010011100101000010
100100110011101101000111
100001000011111101010001
011000100011010001010000
010001010010011001000110
001111110010100101001101
010011100011111101011110
110101001100100111011010
111111111111111011111111
111110001111111011110010
111101101111111111110001
111100111111111111110110
111101011111111111110111
111101111111011111110101
111011111110110111110010
010111110101111001101100
001100110010101000111111
010000100010011000111100
011100010011011001001000
101010010100001101001110
110000000011101100111110
110011000011011000110111
110100100011010000110011
110011100011010000110100
110100010011001100110010
110110010010111100101111
110111000010110000101100
110111100010101100101111
110111000010110000101111
110110110010110100101110
110110000010111000101110
110101110010111100101100
110101110011000000101010
110110000010111100101010
110110000010111100101010
110110100010111100101000
110111000011000100101010
110111010011001000101011
110111010011000000101100
110111010010111000101011
111000000010111000101110
111000100010111000101111
111000100010111000101101
110111010010111100100100
110101000010110000100011
110110000011001100111001
110011000011101101001010
101001100011011001001110
011110000010110001000110
010011110010011100111111
010001000011010101001000
001101110011001101000001
100110111001101110100011
111101111111101111111110
111110101111111111111110
111100101111110111110111
001110010010110001011000
010011010011011101011110
011010010011110001011011
011100100011100001010000
011100010011000001000100
011011000010110101000010
010111100010110101001010
010100010010111101010000
010001010011000001010111
001110010010110101010001
001011100010001101000001
011101000110101110000000
111111111111110011111111
111100001110111011110001
111101111111110111111011
111101101111111111111011
111011001111101111110110
111110001111111111111111
111101001111011011110101
111111101111111111111111
011110111000001110010000
001010100010111101000011
001101010010110001000111
010101000011001001001011
100101000100101001011011
101010000100000001001011
101101110011101101000011
110000000011101101000000
110000100011110101000000
110001000011101000111000
110011010011010100110000
110100010011010000101111
110100010011001100110010
110100110011001100110101
110101010011000100110010
110101010010110100101101
110101010010101100101011
110101110010111000101001
110111000011000100101010
110111100011001100101011
110110110010111000100111
110110110010111000100111
110111000010110100101010
110111100010110000101100
110111010010110100110000
110111000010110100110010
110110010010110000110000
110101010010100100101001
110111010011001000101010
110110000010110100100110
110111010010111000110011
110011010010101100111000
110000100011110101001110
101000100100000101010100
010111100010010100110100
010011010011000100111101
001110000010110000111000
001111100011110101000101
111000011110010011101011
111101111111111111111111
111101011111110111111111
001110010011001001011110
010000010011010101011101
010011100011001101010010
010100000010111001000111
010011110010110001000100
010011010010110001000111
010000100010111001010001
001101110010111101010110
001110000011011101011111
001101110011101001011101
001000110010001100111011
100010011000011110010101
111111001111100111111111
111111111111111011111111
111110011111111011111111
111101111111111111111111
111110001111111111111111
111010011111001011110001
111110111111101111111101
111110101111101011111111
011011110111100010001001
001000110010111001000100
001101100011101101011001
010001000011010101010010
010110010010011101000000
011100110010100000111100
100010000010110000111001
100101010010111100111010
100111000011011100111101
101010100011110101000000
101101100011111000111101
101110010011110100111011
101110010011110100111111
101111100011101101000000
110001100011100101000001
110011000011010100111100
110100100011001100111000
110101010011000100110010
110101000010111100101011
110101100010110100101000
110110110011000000101001
110111100010111100101010
111000010010110100101110
110111110010101100101110
110111100010101100110001
110111000010111100110011
110110100011010000110110
110110100011011000110101
110101010010111000101000
110111010011000100101101
111000110010111000110011
110101110010110000110101
110010100011010000111111
101100100011111001000111
100001000011011100111111
010110010010110000110011
010000110010111000110111
001101110011000100111011
100110101001101010100100
111100111111011111111111
111110111111111111111111
001011110011011001100000
001100010011001101011001
001101100010110101001100
001101100010101001000010
001110000010101001000001
001110000011000001000111
001100100011001101001111
001010010011001001010001
001010100011011101010111
001100000011111001011001
001000100010100100111100
100001001000100010010100
111101101111010111111101
111110101111101111111111
111011111111001011110111
111110101111111111111111
111101111111100011111100
111111101111110011111111
111111111111011011111110
111110111111010111111111
010101100101101101101111
000110100010010000111111
001100010011110001011100
001101000011001101010101
010010000010111101001101
010101010010100101000100
010111000010001100110110
010111010001111100101110
010111010001111100101010
011001010010010000101100
011100100010100100110000
011110100010110100110101
100001000011011100111111
100011100011100001000011
101000110011101001001011
101101110011110001010000
110001110011110001001111
110100000011100101001000
110100100011010100111100
110101100011000100110101
110100100010100000101001
110110100010101000101100
110111110010101000101111
111000000010100100101110
110110110010100000101100
110110000010110000101100
110100100011000000101011
110100000011000100101011
110100010010110100101011
110111000011001000110011
111000000010101100110000
111000000010111100110101
110100010010111000110011
101111110011100000111100
101010000100100001001010
011011010010111100110010
010011110010110000110011
001110000010101100110101
010011010100100101011000
110110011101101011101100
111110111111110011111111
001001100011011001011000
001010100011011101010111
001100100011011001010001
001110010011011101001101
001111100011110101001111
010000000100001101010100
001111000100011101011011
001101100100011001011101
001010100011111001010110
001010000011101001010000
001001110011001001000100
010110000101111001101100
111100001111000011111010
111111111111111011111111
111110101111101011111111
111110111111110011111111
111111111111110111111111
111101101111000111111000
111111111111101011111111
101111111011011111000110
001010110010110101000010
001111000100001101011101
001101000011111101011011
001100000011010001010001
001111100010111001001001
010001100010011000111101
010011100010010000110010
010101100010011100110001
010101110010101000110001
010101100010100100110000
010110010010100100110101
010111010010111100111100
010110010010111100111101
010111010010110100111101
011011000010100000111111
011111010010011101000010
100100100010101001000101
101001010010111101000101
101101010011011101000101
110000110011110001000011
110010110011101000111111
110100110011100000111100
110110000011001000111100
110101100010110000110101
110101010010100000101110
110101010010101100101100
110100110011000000101001
110101000011001100101011
110101000011000100110010
110101010010111100110001
110110010010011000101001
111001100011001000110101
110110010010111100101111
110001100011001000110000
101110010100010101000101
100011000011101000111100
010110010010100000101110
010010000010111000111011
001100000010010000111000
101001111010010010111001
111110011111010111111111
001001100011111001011000
001100100100010001011100
010000110100101001011101
010011000100111001011011
010100110101000101011100
010101110101011101100001
010101010101110101101000
010100010110000101110000
010010010101101101101111
001001000011011001001010
001001100011000101000101
001100000011010101001000
101111101011110111001011
111101001111000111111100
111111101111101111111111
111101111111011011111100
111101111111100011111101
111111101111111011111111
111010101110011111110010
011001010110001101110001
001010000010101100111100
001100110011100001001011
001010100010111101000010
010010010100011001010111
010100100011110101001100
010111110011110001000011
011011000011110000111100
011100000011110100111001
011100000011111100111010
011001100011100000111000
010101010010101000110100
010000010001111100101111
001111100010110000111100
001111010010110000111111
010001100010100001000010
010100100010011101000101
010111000010010101000100
011010000010011001000001
011101100010110000111101
100001110011000100111100
100111000011101101000010
101011010011101101000011
101111010011101101000111
110010010011100001000101
110101000011010001000000
110110010011001000111001
110110110010111100101101
110110000010110000101000
110101100011001000110011
110100100010111000101111
110101110010100100101010
110111110010110100101011
110111100010111100101100
110011110011000000101101
101111100011100100111010
101010000100001101000111
011011000010101000110100
010100110010110000111110
001101110010010000111010
011011010110001101111100
111100111110101011111111
001111010100111101100011
010001010101010101100101
010100010101101101100111
010101110101101101100110
010101110101101001100011
010110000101101101100100
010110010110000101101110
010110010110011001110111
010000110101001001100111
001100010100000001010111
001101010100000001010110
000111110010011000111001
010101100101011101101011
110010101100011111011000
111111001111100011111111
111111011111101111111111
111110011111110111111111
110111011110000111101101
011011110111000010000010
001010000010011000111011
001111010011111001010000
001101010011010001000010
010000010011101101000101
011101100110011101101010
100010010110101001100111
101001110111011101101011
101111101000001001101010
110001011000010001100110
110001111000011101101011
101111001000001101110000
100101110110011001100010
011010010100011001001100
010000010011010000111110
001110010011010101000100
001111010011001101001011
010000010011001001001111
010000110010111101001011
010000110010100101000100
010010010010100000111011
010100110010100100110111
010111010010011100110100
011011110010101100110110
100010000011000101000001
101000010011011001001000
101101110011100001001001
110010000011011101000100
110100000011010000111000
110100110011000000110001
110100010010111000110001
110101010011000100110010
110110100011000100101110
110101010010100000100100
110111010010101100100111
110110100011001000110001
110000100011000100110100
101101010100001001001001
100000100011010001000001
010110000010011100111010
010000110010011101000000
010001000011011001010000
110110111101000011101110
010101000101101001101000
010101010101101101100111
010101010101111001100111
010100110101110101100110
010011100101101101100100
010011100101101001101010
010101000101101101110101
010110000101111101111100
011000000110011010000110
001110000011111101011100
001100010011100001010010
001100100011100001010000
001000110010100000111110
010010110100110101100110
011101110111010010010011
101001001010001111000010
011111111000010110011101
010001110100110101100101
001010110010111101001100
001101010011010101010001
001100110011000001000101
010001000011101001000101
010111100100101001001011
100110010111100101101100
110011101001101010000010
110110011001010101101110
110110101000011101010001
110101000111101000111100
110101010111111101000010
110101111000100101011000
110001001000001101100101
101000110111001101100101
011011000101000001001111
010101100100100101010010
010001110011111001001111
001111010011101001001111
001110000011010101010000
001100110011001101001011
001101100011010001001001
001111000011100001001001
001111100011000101000010
010001110011000001000010
010100000010110101000001
010111110010100101000000
011110000010101001000000
100100110011001001000011
101100000011101001000110
110001100011111101000110
110010000010111100110010
110101100011001000110001
110110100011010100110001
110101110010101100100111
110110100010101100101000
110110100011000000110000
110010110011000000110110
101110110011110001000111
100101000011110001001100
011000100010100000111110
010010100010011001000010
001101100010001000111110
101011011010000010111110
010110110101101101100111
010101110101100101100101
010100010101101001100001
010011100101101101100011
010011100101110001100111
010100010101111001101111
010110000101111101111011
010111000110000110000001
011000010110011010000110
010100010101011001110100
001111110100011001100000
001011110011011101001110
001100100011100101010011
001011100011001101010000
001011000010111101010000
001011000010111101010000
001001100010110101000111
001011010011010001001110
001100010011010101011000
001100000011000101010000
001111000011100101001100
010101110100100001001011
100101100111010101100110
110111111010100110001101
110110111001000101101010
110111011000011001010000
111000000111111000110111
111001100111111100110000
111011001000011000111011
111001011000100001000101
110011001000001001010011
101101000111110101011111
100011010110100101011101
011101110110001101100100
011001000101111001100010
010110010101110001100101
010011100101010101100111
010000010100100101011110
001101100011110001010010
001100000011011001001100
001011100011010001001010
001101000011011001001101
001110010011010101001110
010000010010111101001001
010100000010100001000010
011000110010100100111111
011110010010110001000000
100011100010111000111100
101100100011101101000001
110000000011100000111000
110010110011101000110111
110100100011011100110011
110101000010111000101110
110100100010110100110001
110011110011001000111011
110000000011100001000110
101000100011101101001100
011100110010111001000001
010011000010011000111111
001100110010000000111100
011111010111010010010011
010110110101110101101010
010100010101010101100001
010100010101100001100010
010101000101101001100110
010011110101011101100100
010101100101110101101101
010111110110011001111001
010111000110001001111000
010110110110000101111001
010110100110001001111001
010100000101100001101101
001110100100010101011001
001010110011011001001100
001010010011001101001100
001011000011011001010001
001011100011100001010001
001011110011101101001011
001011100011011001001001
001011000011000101010001
010011000101000001101101
010001100100100101010010
011101100110100001011101
110101001010011010000101
111001001001101001101101
111000001000000001010000
111001100111110101000011
111010001000000000110111
111001110111110000101110
111001100111011000101010
111000000111101100110101
110111101001000101011001
101011000111010101001110
100100110110110001011011
011101110110001101011010
011011000110100001011100
011000110110100001100001
011001100110100101110000
011001010110011001111000
010110110101011001101101
010101100101001001101011
010001000100100001100011
001101100011110101011001
001011010011001101010011
001100010011000001010000
001111010010111101001001
010001100010110001000111
010011100010101101001001
010111000010110001000110
011011010010111100111010
100010110011100100111011
101011100100000001000001
110000000011111001000000
110001100011011100111011
110010010011001000111001
110011000011000000111101
110001000011001101000000
101110010100001101001111
011111110010110100111001
010101010011000001000001
001100100010101001000001
010000000100010101100101
010000110100100001011011
010101110101110101101101
010101010101101101101011
010011110101010101100011
010101110101110101101011
010100110101101101101000
010011100101011001100011
010111000110010001110001
011000000110100101111000
011000100110101101111100
010111010110100101111001
010101000101111101110001
010010010101010001101000
001111100100101001100000
001100100011111001010100
001010000011010101000110
001101010100001001001011
001111000100010101010100
010001100100101101101001
010100010101011101110001
011000010110011001101100
100100101000001001110010
101100100111101001010101
110101110111111101001101
111010010111101101000110
111010100111011000111001
111011110111111000111000
111100001000000000110110
111100110111110100110111
111000100111100000111010
110110001000110001011010
101001100111000101001111
100001100110001001010010
100000010110111101100101
011010010110100001010110
010111000110001001010100
011000010110010101101000
011001110110010101110010
011001110101111001110001
011001110101111101110110
010111010110001001111000
010100100101110001110101
010001100101010001101111
010000000100101001100101
001111000011110101010010
001101110011001001001001
001110000010110101001101
010000010010111001001100
010010100010110101000001
010101100010011000110100
011100100010010000110001
100101000011000000111010
101011010011111001000111
101111000100000001001010
110000100011100001000101
101111010011001101000000
101101010011110001000101
100011100011011100111111
010110110011001001000000
001101110010111101000100
001011110011011001010011
001110010011111001011011
010001010100101101100101
010100010101011101101101
010110100110000101110100
010110010110000001110000
010011010101011101100001
010011100101100001100010
010111010110011101110000
010111100110100001110001
010111010110011101110000
010110110110010101101111
010110100110010001110000
010110100110001101110100
010101110110001001110100
010101010110000001110100
010101010101111001101111
010100110101110001100011
011000000110100001110011
011000110110100010000110
011000010110011010000011
010111100110001001101011
011110000110100001011011
101110111000000001011110
110100010111011001000111
111010110111100101000101
111100010111011000111011
111100110111110000111010
111011110111100000110110
111011010111001000111001
111001010111101001001100
111010011010010010000101
110011011010001010010001
011000000100011101000000
100001000111101101110110
011001100110100101100000
010110100110010001011100
011000000110010101101000
011000100110010101101110
011001000110000101101100
011001000110010001101110
011001000110110101110110
010111000110101001110011
010110000110011001110011
010101100101111101101110
010101010101011101100100
010011000100101101011011
001111110011110101010101
001110010011000001001111
010000110010110101010011
010100110010111101010101
010111010010100001000110
010111110010000000110101
011011010010100100111000
100011110011101101001000
101011100100001001001111
101101000011111001001010
101100100100000001001000
100110110100000101001010
010110010010101100110110
001111000010101100111101
001011110010110001000111
001011100011010001010100
001100000011100101010110
010001000100101101100101
010011110101011101101100
010011100101011101101000
010101010101111101101011
010110000110001001101011
010010110101011001011100
010100010101110001100010
010101100110000101100111
010111010110100001101110
011000010110101101110101
011000100110101001110111
010111100110010101110101
010111100110010101110111
011000000110100001110101
011000000110100001101011
010111110110100001101111
010110100110000101111101
010111010110001001111111
011000000110010001101101
011011010101101101010001
110100111001100001111000
110111111000011101011001
111000110111010101000000
111100010111100100111101
111101000111110100111011
111101100111110000111101
111011100111001000111110
111000110111100101010001
110000001000000001100100
100011000110011101010111
010010110011001100101111
100011011000001110000010
011011000110110001101010
010111110110010101100101
011000100110011101101101
010111110110001101101100
010111010110000001101001
010110110110001001101010
010101010110010001101001
010100110110010101101001
010101110110011001101011
010111010110100001101110
011001000110100001110011
011000100110010001110001
010101010101100001101001
010010100100101001100100
010001000011010101100000
010000010010101001011000
010000110010011101001101
010010110010110101000111
010011010010110000111101
010110000010100000110100
011111000011000000111101
100111110100000101001111
101010110100011101010011
100111110100101101011000
010110110010101100111011
010000000010100000111110
001101100010110101001010
001001000010110101001100
001001100011000101001101
001011110011100101010100
001110010100010001011010
010001100101000101100011
010100000101110001101010
010100110101110101100111
010011000101011001011111
010110010110001001101001
010110010110001001101001
010110100110001101101010
010110010110001001101011
010110000101111001101010
010110000101111001101010
010111000110001001110000
011000010110100001110010
010110010110000101100011
010101010101111001100101
010110100110010101111011
010100110101101101110010
011000010110010001101101
010111100100110001000010
100000010100101000101011
110011000111101001001011
111000100111111101000110
111011011000000101000001
111001110111100000110011
111101001000000100111110
111101000111101101000010
111010001000001001010010
100010100100111000101001
001010110000011100000000
010101110011101100110000
100110111000011110000110
011101100110110101110010
011001000110001101101011
011000000110010001101111
010110110110001101110000
010110110110010001110101
010110110110100001111000
010100000110010001101101
010100110110011101101110
010101110110100101101101
010110110110011001101100
010111110110001101101110
011000100110010001110000
011000000110011101110001
011000110110011001111001
010110100101011001111011
010010000100000101101010
001110010011010101010110
001110100011100001010000
001110010011100001001000
001110110010110100111010
010100110010011100110110
011011010010101000111100
100010110011110001001111
100100110100100101100000
011001010011011101010011
010001100010101101001100
001110100010110001010000
001011100011100001010001
001010110011011101001111
001100000011101101010001
001011100011100101001111
001010000011001101000111
001110010100000101010100
010011110101100001101001
010100110101110001101011
010011110101011101100100
010100100101101001100101
010110000101111001101010
010111100110010101101111
011000100110100101110011
011000010110100001110010
010111100110010101101111
010110110110001001101010
010111010110010101100111
010111000110010101101010
011000010110100001111011
011000010110010001110111
011001010110000001100100
011000000100010000111000
010101100001101000000000
110000010110111000111100
111000101000001101001001
111011011000011001000100
111001000111011100110010
111011000111100100110110
111011000111010000111000
111100011000011101010011
101001110110010000110111
010111010011001000001111
011011110100101000111000
100110110111111001111010
011111000110101101110001
011010010110000101101100
011000100110000101101111
010111100110010001110100
010110100110010101111001
010110100110100101111100
010101100110100101111000
010101010110100101110010
010101100110100001101100
010110010110010001101010
010111000110000001101100
010111100110000001101101
010111110110010001101010
011000100110011001110001
011000110110010101111100
011001000110100010000011
010101010101110101110100
001110010100011001011001
001010010011100101001001
001101000011011101001000
010001000010111101000010
010010000010000000111000
011000000010101001000100
011011110011100001010111
010111100011100001011101
010000110010101001010100
001110010010110001011000
101101001011111011001010
010100100101111001101010
000111000010010100110100
001011010011011001000111
001110100100001001010101
001100110011100101001111
001100110011100101010001
001111000100001001011010
010011100101010001101100
010100010101011101101101
010100100101100101101011
010100010101100001101000
010101000101110001100111
010110110110010001101101
010111110110100001101111
011000010110100001101110
011000100110101001101101
010111010110010001101100
010101110101100101101000
011010000110001001101110
100000010110110001101001
100111010111000001011101
101010100101111100111000
110111101000000001001100
111000010111111001000011
111010001000000100111111
111011000111111100111110
111011110111100100111011
111011100111000000110110
111100000111110101000111
110011010111110101001000
101011100111001101000111
100011000101101000111111
100100110110110101100000
100000100110100001101001
011011010110000001101001
011001000110000101101100
011000010110010001110011
010110110110000001110100
010110100110001001111001
010110100110011101111010
010101000110010001110001
010101010110010001101011
010110010110011001101100
010111110110010101110011
010111110110001101101111
011000000110000101100110
011000010110001001100100
010110000101110101100000
010110110110001101100110
010111110110100001110001
010110100110010001110000
010001110101010001100101
001110010011111101010101
001110010011001101001101
001111110010111101001100
010000100010011101001000
010010010010110101010101
010010010011001101100001
001101110010100101011010
001101010010110101011110
111110001111111111111111
111000001110100111101110
100001111001000010010111
001100000011100001000011
001001000010100100111100
001100000011010101001011
001100000011010001001111
001101000011100101010110
001101000011100101010110
010000100100011101100100
010011100101010001101100
010100010101100001101011
010100010101100001101000
010101000101111001101010
010110010110001001101011
010110000110001101101001
010101100110001101101001
010111110110110001110010
011001000110101001110110
010111000101011101011101
100001100110110101100110
101101101000001101101110
110101001000011001011111
110111001000000001001101
111010001000100101001111
110111110111110101000000
111001110111111001000100
111011010111110001000100
111110000111111001001011
111011000111110001001100
110100100111111001001111
101111010111110101010001
101000100110101101001100
100011100110010101010011
100000100110011001100011
011011000101110101100010
011000000101111001100011
011000010110010001101011
010111010101111101101110
010111110110001001110101
010111000110001001110010
010110100110010001101110
010110010110100001101011
010111000110101001101101
010111000110010001110001
010111010101111101101100
011010100110010001101000
011101110110111101101100
011100000111000001100110
011010010110110001100011
011000100110011001100111
010111100110010101101111
010111010110010001110111
010101100101110001110110
010001010100011001100100
001100110011001001010010
001101100011000001010100
001110010011000101011010
001111110011011101100110
001101010010111101011111
001011100010110001011011
111110101111111111111001
111110011111111011111010
111101101111101011111101
110001011100100011001111
011010010110110101111001
001100000011001101000110
001010100010110001000101
001010010010110101001010
001011000011000101001111
001100100011011101010101
001101000011101101010111
001101100011110101010111
010000000100100001011101
010011000101011101101001
010100100101101101101100
010001110101100001100010
010100000110100101101110
010100010110110101110000
010011110110010001101001
010111000110010001100110
011111000110111001100011
100110100111000101011011
101110100111011001010001
110011100111111001001101
111000011000111001011010
111001001000111101011001
110111011000000101010000
110110000111010101001011
110111000111000001001010
110010010110010101000011
101010110101111100111101
101000110110011101000101
100110000110001001000110
100100100110110001010111
100000000110110001100011
011010110110001101100000
011000010110010001011101
011000000110011001100010
011001000110010101101001
011001000110001101101001
011000010110000001100110
010111110110010001100111
010101010110010001100001
010110100110101001101001
010110110110010001101101
011000000101111001101001
011100010101111001100010
100010010111000101101101
100001100111011001100111
011011100110010101010110
011001010101111101011111
010111100101101101100110
011001110110010101111011
011001000110010110000001
010101000101100101110111
010001010100101101101011
001101000011110101011110
001010010011000101010101
001011100011001101011001
001101100011101101100001
001010100011000001010010
111101001111010111101111
111111111111111111111011
111111001111110011111100
111101111111100011111100
111101101111011011111111
101111001011111011001101
011001010110011001111010
001101100011100001001111
001011100011001001001101
001010100010111101001100
001010110011000001001101
001011110011011001010010
001011100011100001010001
001100100011110001010101
001111100100100101011111
010010000101100001101000
010001010101110101100111
010010110110011101101011
010100000110100101110000
010101100110001101101001
011010010110000101011111
100001000110011001011011
101000100110101001010001
101010110110010101000011
100111100101010000101101
101110100110110001000101
101111110110110101001000
101100110101101000111010
101011010100111000110010
101000100100011000101101
100110010100110000110010
100111100101111001000011
100110100110001001001001
100100010110100001010100
011110110110011101011110
011001100110000101011011
010111010110010101011010
010111010110011101011111
011000110110010101100100
011001100110010001100111
011010000110011001101011
010111110110001101100110
010110100110101001100111
010110110110111001101100
010110000101111101100101
011010010101111001100100
100001110110010001100010
100101000110100001011111
100111100111110101101010
011110110110011001010011
011100000110001001100001
011100110110110101110111
011000010101111001110011
010110000101101001110011
011001110110110110000111
010100110101111101111001
001100100100001001011100
001100010100000001011101
001110000100001101100011
001000110010110001001011
001001000011000001001010
111111111111111011111011
111101011111000111110000
111110101111100111110111
111111111111111011111111
111110101111100111111110
111111001111110011111111
111010101110110011111000
101111101100001011001110
011011100111010010000100
010000010100100001011011
001000100010100001000000
001010000010111101001001
001101010011111101011010
001100010011101001010111
001001110011001001010000
001001110011000101001010
001110000100000101010010
001110100100011001010100
010001010101010001100111
010100110101111001110010
010111100101101101101100
011100000101110001100111
100001100101110001011101
100100000101010101001101
100010110100101000111000
101001000101110101000111
101110110110111101010111
110001110111010101011101
110011000111010001011110
110010000110110101011000
101101110110001001001101
101001100101101101000100
101010000110101001010101
100110000110100101011001
011111000110001101011100
011010010110000101011110
010111110110100001100011
010111010110100101100101
010111000110000101100100
010110010101110001100001
011000010110010001101101
010101110110000001100111
010101100110100101101101
010111010110111101110001
011000110110010001100110
011110110110001101100001
101010000110110001100010
101111000111010001100101
101001000110111001010110
100000010101111001001010
011000100101001101001100
011001010110001101101000
011000100110010001110001
010110100110000001110000
010111110110100001111001
010110010110011001110110
010110000110011101111010
001101110100011001011011
001010100011010001001101
001001110010111101000110
001101100100000101010101
111111111111101011111100
111111111111110111111100
111111111111111011111101
111111101111110011111101
111101101111010011110101
111111001111110011111110
111111101111111111111111
111100101111010111111100
111101101111101011111111
110100001101011011100010
100011101001001110100110
010010010100111101100101
001001100010110101000111
001010000010111101001011
001011110011100001010111
001101000011101001010100
001111010011101101010000
001100010011001001000100
001010110011001101001010
001100010011100001010100
010000010100001101011100
010110100100110001100011
011100110101000101011111
100001110101011001011001
100110010101111001010110
101000100110000001010000
101101100111010001011100
110010111000010101101011
110011011000001001100101
110000100111001101010101
101101100110001101000101
101001110101011000111001
101011000110010001001100
100111000110001101010000
100000010101101101010000
011010100101011101010000
011000000101110101011000
010111110110000101100000
011001000110010001100110
011010110110101001110000
011000100110001001101110
011001100110110001111010
010100110110010101101111
010100000101111101100100
011001100110001001011111
100111000111101001101110
101111100111000001011100
101110110110010001001000
101110010111011101010111
100111110111011001011010
011100000110000001010001
010110010101100001010100
011001000110011101101110
011001010110110001110110
010101010101111101101000
010110000110011001101111
010111100110101101111011
010001110101010001100101
001100110011100101001111
001100100011011101001101
001001100010110101000000
111111001111011111111011
111111111111111011111111
111111001111100011111001
111101001111001011110011
111111101111110011111101
111111011111110111111101
111110001111101011111001
111111001111111111111111
111111001111111111111111
111110101111111111111111
111110011111110111111111
111001111110110111111011
101101111011110011001111
011100110111100010001100
001111100100010001011100
001011000010111001000011
001010010010010000111000
001100100010110101000001
001100110011100001001110
001011100011010001001100
001100100011010001001101
001110000010111101000010
010000100010011000110010
010111010011000100110010
100000010100101100111111
100100010101011101000001
100100100101110100111101
100100100101111000110110
100100110101111000110010
100100010101010000100101
101000100101010100100111
110000000110110101000001
101010100101100000110011
101011010110001101000110
101001000110101001010100
100100110110011101011010
011111000110000101011010
011010110101100101010111
011010010101100101011010
011011010110000001100111
011001000101100101100111
011001010110010001110110
010101100110000101110011
010111110110100001101111
011000100101100101010000
100110000111000001010110
101110110110011001000001
101111110110000000110010
110111011001011101100110
110101101010101110000001
100110011000100101101111
011001000110010001011000
010111010101111101011110
010110110110001001101000
010111100110100101101101
010110000110011101101110
010110110110100101110110
010010010101010001100110
001110110011101101010011
001111010011100101010010
001010110010100100111111
111111111111110111111111
111101111111010111110110
111111111111110111111110
111111111111111011111111
111110011111011111111000
111110011111100111111001
111111111111111111111111
111101111111100111111000
111100111111010011110110
111110011111110111111111
111110001111101111111111
111101001111011111111110
111110111111111011111111
111111001111111011111111
110110101101111011101010
101100011011001111000000
011111010111011010000110
010101110101000001100010
001101100011010101000101
001010000010011100110101
001100000010101000110100
010000010010111000110010
010110100011001100101110
100000110100111000111110
101011010110110101010010
101110100111101001010110
101000010110111001000001
100101100110110100111001
101011011000011001001101
101010100111110001000001
101001010110000000100111
101101010110010000101101
110001000110110000111010
110011010111100101001011
110100001000001001011100
110001011000001001100111
101101000111110001101101
100111000110110101100011
100001100101111001010110
011110000101011101010010
011110010101111001100101
011011010101110101101010
011000110110001001110010
011100100111001101110111
011010100101111101001011
100111000111011101001101
110000100111001100111010
101111100110010000100101
110111111001101101011110
111111001101000110011110
101100001001110101111101
011010110110010101010101
011010010110010101100100
010110110101110001100001
011001100110111101110110
010110000110011001101111
010101110110100101110111
001111000100100101011100
001100100011000001001000
001011100010011000111110
010010010100000101011000
111111101111110011111101
111101111111011111110111
111110001111100011111000
111111011111110111111101
111111111111111111111111
111111111111111111111111
111111111111111111111111
111111101111111011111111
111111001111110011111110
111111101111111111111111
111111101111111111111111
111111001111111011111101
111111001111111011111101
111111101111111111111111
111111001111111011111101
111101101111011111111011
111111011111110111111111
110110001101011011100011
110000001011101111000001
100100011000011010000010
011010010100111101000010
011100010100011100101110
101000100110001000111111
110110001000100101011110
110111001000010001010010
110011110111111001000110
110010101000111101010011
110110111011001101110101
111011101101000010010000
111100111100110110001110
111000111010001101100110
110010000111100000111011
110111101000010101000011
111000111000010101000101
110111111000000001000110
110110010111110101001100
110110001000001001011111
110101001000001101101000
110001100111110001011111
101101100111010101011111
101001100111000001100110
100101100111000001101111
011011000101101101100001
011000000101100101010011
100011001000001001011111
110100111011011001111100
111000001010001001010111
101110000111000100100001
111000001010011001011100
111111101101011010011001
110000001010100110000111
011010110101110101010000
011101000110010101101010
011000100101101001100111
010101110101111101101010
010010010101101101101001
001100010100100001011010
001100000100000001010111
001101100011001101001110
001010100001110100110111
011111000111000010000100
111111111111111111111011
111111111111111111111011
111111111111111111111101
111111111111111111111101
111110111111101111111011
111110101111101011111100
111111011111110011111111
111111101111110111111111
111111111111111011111111
111110011111100111111011
111110011111100111111001
111111101111111011111100
111111101111110111111011
111110011111101011110101
111111001111101111110110
111111111111111111111101
111111001111111111111111
111110011111100011111110
111111111111101111111010
110110011100001110111000
101010011000010001101010
110000101000100001100010
110110101000111001011100
110101110111111001000010
111000001000010001000101
101111110110111000101100
111001111010111001101001
111111111110100110100010
111100111101100010010001
111101101101100010010010
111111111101011010010110
111011001010010101100011
110011000111110000110011
110111001000010100111000
111001011000001100111010
111001010111110100111110
111001000111111001001110
111000001000001001011100
110101011000001101011110
110010001000001101100100
101010100111000101011110
100101100110101101100100
010111110100011101000111
010111000100110101000110
101111101010111110001110
111011101101010110011100
111100101100010001101111
111100111011110001100001
111110011100011001110011
111011101100011110000110
110100111011101110011001
011010010101101101010010
010101000100011001010011
010011100100100101011111
001110110100001101011000
001011010011111101010101
001001100011101001010011
000111110010110101000111
001011100010110001000100
010101000100101101011110
111001001101110011101001
111111111111111111110110
111111101111111011110110
111111111111111111111010
111111111111111111111011
111110101111100111110111
111111001111101011111011
111111111111111011111111
111111001111101011111111
111111111111110111111111
111110111111100111111110
111110111111100111111110
111111111111111011111111
111111111111110111111111
111111101111110011111101
111111011111100111111000
111110111111101011111000
111111101111111011111110
111111001111100011110111
111111111111000111110001
101110001001101010010010
101101101000011001110000
110001111000100101100100
110100101000100101010100
110101101000100001001010
110001010111100100111011
110001101000010101000011
111110101100101110000101
111101101101010010001010
111101011101101010001101
111011011101000010000100
111111111101011110010001
111111111100110110000110
110110111001111101010110
110010111000000100110110
110111111000010000110101
111001111000001000111010
111000100111111101001000
110101111000000001010101
110001101000010001100010
101000100111000001010101
100101010110111101011100
011101010101011101001101
010101110011111001000001
010001010010111100110001
100100010111110001101011
111000111100101110011111
111100011101000101111110
111010101100001001100010
111100101100010001101110
111111001101010110010100
100111001000010101100110
010000000011011000110100
001101000011011101001010
001000110010111001001100
001010010011011001010110
001010000011011101011000
001100100011101101011100
001011100011001101010000
011000110110001001110100
110100001100111011011001
111111111111111111111111
111111111111111111111010
111110111111101011110101
111111001111101111110110
111111111111111111111011
111111111111111111111101
111111111111111011111111
111111111111110111111111
111111111111110111111111
111110011111011111111100
111111111111110111111111
111111111111111011111111
111110101111100011111101
111110111111011011111010
111111101111110011111111
111111111111110111111110
111110001111100011111000
111110011111111011111010
111111011111111011111001
111111111111100111111001
111110101101111011011010
101101101000110001111110
110000011000101101110001
110001101000101101100011
110010001000110001011010
101010010111001000111100
110111101010110101110010
111111111110001010011100
111011111101001010000110
111110011101110110001010
111110011101111010000111
111110101101101010000111
111111111110000010001111
111001001011011001101001
110001101000100000111011
110010100111010100100101
101111100110000000011010
101111110110000100101101
101000110101010100101111
100100110110000101001000
011110010101110001001100
010011110011110000101110
010001010011011000110001
001110110010101000110010
001110000010010100101011
010110000100000100111011
110000111010100110001000
111011101101000010000111
111110011101011001111100
111011101100001101110100
110001101010001001101000
100000010110101101010100
001100000010110000101101
001001000010111101000011
001011100100000101011111
001010100011101001011011
001011010011101001011100
001010010010110101010000
001101010011011001010100
101010111010101010111100
111011001110110011110110
111110001111111011111100
111111011111110011111111
111111101111111011111111
111111101111111011111111
111111011111110111111101
111111011111110111111101
111110011111100111111001
111110101111101011111010
111111111111111111111111
111111111111111111111101
111101101111011011110100
111100111111001111110011
111111001111110011111100
111111111111111011111111
111111011111110111111101
111111011111101111111110
111111001111111111111111
111100001111111111111101
111100111111111111111111
111110101111110011111011
111111111111010111110100
110010111011011010110101
101110001001100110010110
101001011000001101110111
100000000101110001000110
011010100100100000100101
110100111011010010000101
111111001110000010100001
111010001100111010000001
111100001101011001111111
111110011101111101111110
111011101101000101101101
111111001101101101111010
111111111101111010001001
110111011010100001011010
110010000111101000110010
101110100110000100100111
101011000101100000110011
011101000011001100011101
010010110010101000100001
001111000011001000110001
001011100011001000110011
001110100100000101000111
001110000011011101000101
001110010011000100111100
010001010011001100110001
100100100111011001011110
110000111001111101100011
111100011100100110000011
101111101001011001011001
100100010111000001000101
011011000101101101001011
001110010011011100111010
001011100011101001001010
001100100100010001011010
001000100011001001001011
001010000011011001010001
001100100011011101010101
001100100011001101010001
001111000011111001010101
100010111000111010011101
111011101111010111111101
111101111111010111111111
111111111111111011111111
111111111111111011111111
111111001111101111111111
111111111111111111111111
111111111111111111111101
111111111111111111111101
111111111111111111111011
111101001111010111110000
111111101111111111111011
111111111111111111111101
111111001111111011111101
111101111111011111111001
111110011111101011111110
111110101111101111111111
111100111111101011111111
110110101110110111110011
110100011110010011101010
100110001010000110100110
010110010101101001011111
010100110100101101010110
001101010010100000110010
001101000010010100101100
001111100010110000101000
010010100011100000100000
110010111011100010001101
111101001101111110100000
111110001101111010010001
111101101101101110000010
111111111110001010000000
111110011101110101110010
111110011101110001110100
111111111110000010000101
111010101011101101101001
110011101000000100111001
110110111000001001001000
110100010111100101010101
101000010101110101001010
011000000011111100111010
010101000100111001010010
010000110100110101010110
010000010101000101011110
010010000101000101100010
010011010100101101011000
010110000100100001001000
011001010100100100110100
100011010110010100110100
101111011001001001011011
100010110110011000111100
011110100110000001000111
010101110100101001000010
010000010100001001000110
001111000100100001010100
001010110011110001001100
001001110011100001001000
001101000100000101010100
001010110011000001001101
001001000010100001000101
001101010011100101010100
000111000010001000111000
010010100101000101100001
111111001111101011111111
111111111111110111111111
111111001111101111111111
111110111111101011111111
111111101111111111111111
111111101111111111111101
111101111111100111110100
111101111111101011110011
111111101111111111111010
111110101111111111111001
111101111111100111111000
111101101111101011111011
111111101111111011111111
111100101111010111111110
110001011100011111010011
100100101001100010101000
010010100101100101101110
001010100011100101001110
001001110011000000111111
001011110011001001000001
001100000010111001000011
001110000011010101001010
001111010011101001001011
001101110011001100110100
001111110011100100100001
110011011100000010010011
111011011101100010010111
111110101101110110001111
111101101101010001111101
111110001101010101111001
111111001101110001110111
111101001101100101110010
111110101110001010000000
111111011101011001111011
111000001001001101000011
111010001000011001000101
111010011000001101010011
110100100111101101011111
100100000101110001001111
011100110101101001011101
011010000110100001110100
010100010101110001101110
011001000110101101111110
011010110110100101110110
011101000110001001100010
011101010101100101000100
101000010111101001010001
101010011000001001010111
011101110101100101000001
011101110110010001011101
010111110101100101011011
011001010110101001110000
011001010111001001111010
010100000110000101101001
010011110101110101100110
010010000101010001100010
010010010100111101100111
001101110011110001011010
001100000011011001010110
001011010011011001010101
001010100011010001001101
111111111111111011111111
111111101111110111111111
111111001111101111111111
111111001111110111111111
111110111111110111111100
111101101111100011110101
111110001111101011110101
111111001111111111111011
111110011111111011111010
111110101111111011111101
111100101111011011111001
110100011101010111011110
100101101001101010100110
010110000101101101101100
001100110011010101001010
001001100010101001000011
001011100011010001010100
001001100010111101001110
001100110011100101001111
001100100011011101001011
001100010011001101001010
001110000011100101001110
001101010011011101000100
010001000100001100111111
010011000100010100101000
110101111100011110010011
111101111101111110011001
111111001101101110001100
111111011101100010000111
111110011101010101111101
111110101101101110000000
111101101101110001111101
111011001101100001111001
111111111101110010000001
111011001001111101001111
110101110111001000101110
111010000111100101000010
111000101000000101010111
101100110111001101011010
011111000101101001010000
011001100101101101100001
011001010110010001110010
011001010110001101110001
011001010101101101100100
011101100101111001011010
100100110111001001011111
101101101000111101101110
101001001000000101100011
011110110110010001011100
011001110101110001100000
010111100101111001100110
010111010110011001101111
010100000101110101100101
010110010110100001101111
011000010110111001110100
010111000110011001110000
010101110101111101110100
010101110101111001111011
001100000011101001011101
001001010010111101010010
001011010011100001011000
111110111111110011111110
111110111111110011111110
111111011111111111111110
111111001111111111111111
111110111111111111111100
111111001111111111111101
111111001111111111111111
111101101111110011111100
111100001111010111111000
101111011100001011001000
011101010111100110000101
001110110100000001010011
001001100010101101000001
001010000010110001000111
001011100011000101010000
001100000011001101010100
001101010011001101011000
001011110010111001010000
001111010011110101011001
001110000011101001010001
010001110100100001011101
010100110101001001100000
010110110101010101010101
011001010101101001001000
011110010110011000111011
110011101011010101110101
111110111101100110001111
111111011101100010001000
111111001101011110000111
111110001101011110000110
111101011101100010001000
111100101101100110000101
111100111101101110000101
111111111110000010001110
111101101010100001011110
110110110111011000110010
111001110111100100111010
111001001000000101001010
110000100111110101010011
100011000110000001000101
011010110101010101001010
011101100110100001100111
011011000101100101011011
011011110101010101010100
100010110110101101011110
101010001000001101110000
101110101001000101111011
100111100111111001101111
011011010101111101011111
010111010101110001100100
011000010110011101110011
011000010110101101110101
010011110101110101100110
010110100110100101110000
010110110110011001101100
010110010110001101101101
011001010110110110000000
011000100110110010000111
001111000100100101101011
001011000011101001011101
001011000011100101011011
111111011111111111111100
111111001111111111111101
111110101111111111111011
111101101111101011111001
111110101111111011111101
111110111111111111111111
111000001110010111101001
101100101011011110111101
011001010110100101110100
001110100100000001001110
001000000010010100111001
001010110011000101001001
001110010011111001011011
001101000011100101011001
001100000011010001010111
001101100011100101011010
010001000100000101011110
010010100100011101100010
010011110101000001101100
010110100101111101110101
010111000101110101101111
010111010101101101100000
011010110101110101010010
100101110111111001011111
101101011001010001011111
110001101001111101011100
111111001101001010000110
111111111101100110001000
111101011101001010000001
111101001101100110001000
111101011101111010001110
111100001101101110001000
111011111101011110000001
111111111101010110000011
111010101001110001010100
111001010111111100111101
111001110111011100110101
111010001000000001000001
110100101000000101001010
101100010111010001000111
100010010101110000111111
011111100101010101000001
100001000101011101000100
100110100110110001010101
101011101000000001100110
101101101000101001101111
110000111001111010001011
100101010111110101110011
011000000101101001011110
011000000110011101110001
010101110110000101101101
010110000110011001110011
010110010110011101110010
010111010110101001110011
010101010101111101101000
010110010110000101101100
010101010101110101110000
010111010110011110000000
001011000011101101011010
001001110011011101011001
001011110011110101100000
111111001111111111111011
111101111111110111111001
111110001111111011111100
111110101111111111111111
111001101110101111101111
101011011011000110111010
011001100110101001110110
001101010011101101001011
000111100010001100110111
001011110011010101001011
001101100011110001010110
001010110011001001001110
001010000010111101001100
001101110011111001011011
010001110100110101101101
010011010101001101101011
010100100101010001100000
010111000110000001101011
010111000110010001110111
010101000101111101110001
011001100110101001110110
011001000101110001011010
100010000110111001010111
110100101010011001111111
110000101000101101010011
110000101000100101000110
111111111101000110000101
111111111101111010001110
111010111101000001111001
111111011110110010010010
111000111101010101111100
111010111101110001111111
111110111110001010000101
111110001100101001110010
110011101000001000110111
111010011000011001000011
111010100111100100110111
111010010111011000110111
111011101000100001001000
110101100111101101000010
101110000110011000110100
101111100111000001000010
110001000111011001000110
110101101000110001011011
110001011000011101010110
101111011000111001100100
101110001001101010000000
011011100110001001010110
011000100110010001100011
010111010110011101110000
010110100110100001110011
010101010110010101110100
010101110110010001110101
010110010110010001110110
010111110110011001111000
011000010110100001111010
011000010110101001111011
001111010100100001011110
001001100011011001010000
001001110011100001010110
001000010011000001001111
111110011111111111111111
111110001111111011111110
111100111111100011111100
110001001100100111001111
011011000111000001111100
001011010011001101000011
001000100010011100111011
001001010010101101000011
001101100011110001010110
001100110011100001010101
001101100011110101011001
010000100100100101100101
010011010101010001101110
010100010101100001110010
010100010101100101110000
010100100101100101101001
010110010110001001100001
010110100110010001100011
010101010110010101110010
010101000110000101110010
010101110101101101100100
011100100110010101011101
101111011001011001111001
111000101010010101111000
110010101000000101001010
110011001000001001000011
110101011001100101010011
111110001100101001111101
111110011101110110001001
111001001101010101111010
110111001101000101110101
111111111111000110010010
111111101110000110000011
111011011011111001100110
110100001000011000111111
111000101000001101000011
111010100111101000111011
111100000111110000111111
111010100111111000111110
111001101000010001000101
110010000110111100110101
110110111000100101010001
110101111000011001001110
110001000111110001000010
110011001001000001011100
110001001001101001110010
100100000111101101100110
011000100101110101010111
010110010110001001100001
010111010110110001110001
010110000110100101110011
010100100110010001110010
010101110110011001111011
010110010110001101111100
010110100110000001111000
011000010110011001111100
001110110100001001010100
001001110011001001000100
001011000011110001010011
001011110100000001011010
001100010100000001011101
111110001111111111111111
110111011110010011101110
100000011000011110010011
001100000011011001000110
001010000010110101000001
001011000011001001001010
001010100011000001001010
001110000011110101011010
001100110011100001010101
001101100011110101011001
010000110100101001100100
010100110101101101110000
010101000101110101101110
010011010101011001100101
010100110101110101101001
011000010110110001110000
010111000110011101100001
010110110110011101100011
010100010110010001110010
010110000110100001111000
010101100101100101100000
011110000110010001011011
110100111001111001111110
111000011001010001100110
110111111000001101010000
111001011000101001010011
101101100110111000110011
101101101000000100111101
110100011011000001100011
110111101100101001110100
110101111100011101101111
110010101011011101011011
111001101100010001101101
110111001010100101011010
110001111000000001000000
110111001000000101001010
111010101000000101001010
111010111000000001001010
110110010111011000111101
110100000111111001000110
101000010110000000101010
100111110110101000110110
101010000111011001000101
101010100111111101010010
101011101000100001100100
100011010111001001011101
011000010101011001010100
011001100110010101101011
011000100110101001101101
010100110110000101100100
010101100110011101101111
010111100110111101111111
010110110110100110000011
010110010110010010000010
010011110101010001110001
001110000011110001010101
001011100011010101000111
001101010100000101010001
001011010011110001001111
001000100011001001001001
001100000100000001011010
101011101011001111000110
010011010101001001100101
001001010010101000111110
001100000011010101001011
001001000010101001000010
001010110011000101001011
010000100100011101100100
001111010100001001011111
010101010101110001111000
010101010101110101110100
010101100101111001110011
010110000110000101110000
010110000110001001101100
010110000110001101101001
010110000110001101100111
010110100110011001100110
010110000110001101011101
010110100110100001101000
010011100110000101101111
010111010110110101111101
011001010110011001101011
011110100110001001011000
110000111000101001101100
111000101001000101100100
110110000111100001001000
110001010110011000110110
101011010110000100110000
101001100110110100111000
101011001000100001001010
110010001011000101101011
110101101100010001111000
110101101100000001110100
110110111011101101110000
111000001011000101101011
110000011000000001000110
110100100111111101001011
111010001000001001010001
111010011000000001010000
111000001000000001001101
110010100111110001001011
100111100110101000111011
101000000111110101010101
100111101000010001100001
100101111000010001100110
100001000111001101011111
011010010101111101010110
011000010101111001100111
011000000110010001110000
010101100101110101100101
010111100110100101101111
010111110110110101111000
010101100110011101111001
010011110101110101111010
010001100101000101110001
001110000011111001011110
001010110010111101001010
001101000011101001001010
001001100011000000111100
001010000011010101000110
001011110011111001010011
000111110010110101001000
001011000011001001001010
001001000010101001000010
001011000011001001001010
001101100011110001010100
001110100100000001011000
010010100101000001101000
010101100101111001110101
010011110101011101101110
010100000101100001101101
010011100101011101101000
010010110101010001100011
010011010101011101100001
010101110110001001101000
011000000110101101101101
010111110110101101101011
010110100110010001100101
010111110110011101101010
010111100110011101110000
010100100110001001110010
010110100110011001110100
011000000101111001100011
011100100101101001010000
101001010110110101010010
110011101000001101011100
111001011000110001100010
101101110101111100110111
101011110110011001000011
101001110110111101001100
100010100110011101000001
100001010110110101000001
100111001000100001010110
101110101010011101101111
110001001010111001110010
110100011011000101110100
101111111000101001010100
110001100111110001001011
110111010111101101001010
111000110111100101001001
110100100110110100111111
101011100101110100110010
100101010110001101000000
100011100111001101011000
011110010110110101011101
011001110110010001011011
011000010110001001011101
010111110110001101100110
011000000110100101110010
010111100110011001110011
011011000111000001111100
010110110110000101101101
010100110101111101101101
010011000101101101101110
001110000100011101100100
001010110011100001011000
001100000011011001010110
001100010011010101001110
001000010010011100110101
010001100100110001011000
001100110011110001001101
001101010100000001010110
001010000011001101001111
001011110011010101001111
001100110011100101010001
001100000011011001001110
001101100011110001010100
010010000100111001100100
010100010101100001101011
010011000101010001100111
010010110101010001100101
010101010101111001101101
010110000110001001101110
010111010110011101110000
010111100110100101101111
010110100110010101101001
010101100110000101100011
010101110110001001100100
010110110110010001101001
011000100110100101110011
010110100110001001101111
010111000110100001110110
010110110110010101101111
010110010101100101011011
100000000110110001100011
101000110111010101011110
101101010111011001010111
101100100110011101000111
101011000110001001000101
101001000110011101010010
100111000110110101011101
100010010110110001011100
011100110110000101001101
011011100110000001000101
011001100101110000111001
011101010110100101000001
100000010110111001000011
100101010111010001001011
100111110110100001000001
101111110111000001001001
110110010111110101010100
110000000110010000111011
101010100101111000111010
100111000110110101010001
011011000101010101000011
011000010101110001010110
011000010110010101101000
010111100110001001101011
010110110110010001101101
010101100110001101101100
010111100110100001110100
010111100101111101110001
010110100101101101101111
010000110100110001011101
001010100011100101001100
001000110011001101001101
001000110011001001001111
001001010010111001001011
001001110010110101000101
011100000111010010000000
101010111010111110111010
001100110011101001001100
001011000011010001001011
001011010011011001010101
001011000011010001001011
001101010011110101010010
010001010100110101100000
010101010101111001101111
010110100110001101110010
010100110101110101101001
010100000101101001100100
010101000101111001100111
010101010101111101101000
010101100110000101100111
010110110110010001101011
010111110110100001101111
010111110110100001101111
010111010110011001101101
010111000110010101101100
010111100110011101110000
010110110110000101101111
010101110101111101101010
010111010110101001110010
010111110110101001101100
011010110110111101101110
101010101001111110011001
110000111010011010011000
101110011000111001111011
100110110110100001010011
100111000110100101011000
100011010110010101011101
011111110110000101100001
011101110110011001101100
011001000101111001100000
011001110110100001100000
011010000110110001011101
011001000110011101010110
010111100101110101001001
011100100110011101010101
011101110101110001000111
100100100110000001001001
101011100110111001010010
101011010110011001001000
101100110111001101010111
101000000111011001011110
100000110110110001011110
011100000110011001100101
011001000110001101101011
011000010110000001101110
011000110110011001110101
010111010110011101110001
010100100101101001100111
010000000011110001010011
010001000100000001011011
001010010010111101000101
001001100011001001001000
001100100100010001011100
000111110010111101001001
001101110100000101011100
100011011001010010100111
111100001111010011111111
101101111011100111000101
001010000010110101000000
001100100011100001010010
001010110011010001010101
001101110100001001010100
010000100100111001011110
010100010101101001101001
010100100101110001101000
010011000101011001100000
010011100101100001100001
010101000101111101100101
010101000101111101100101
010110000110000101101000
010111100110011101101110
011000000110100101110000
010110110110010001101011
010110000110000101101010
010110100110001001101101
010111010110010101110000
010111010110010101110000
010111100110011001110011
011000000110100001110101
010101110110001001101000
010110000110010001100100
011110000111111001111100
101110101011100110110100
110010101011110110110101
101101011001111110010100
100010000110111001100001
011110000101110101010100
011110010110010101100110
011011110110001001101011
011001110110001101110001
010110110101110101101010
010110010110000001100110
010110110110010101100110
011000010110101001101001
010110000101111001011100
010111100110000001011101
011011110110100001100010
100000000110100001011110
100011100110101001011100
101001110111110001101011
101110101001000010000000
110010001010110010100000
110100001011111010111010
100000010111101010000001
010110010101011101100101
011001000110001001110111
010011100101000101100100
001110110100001001010010
001011010011001101000011
001101110011000101001011
001100100010110001001000
001110110011110101010010
001011010011100001001010
001000000010111101000010
011001100111011010000110
110011001101011111101001
111101001111101111111111
111100011111010111111111
100000011000010110010000
001101000011011101001010
000110110010000100111011
010011100101001101110011
010001000101001001011101
010011100101110001100111
010101000110000101101010
010100010101111001100110
010011110101101001100000
010100100101110101100011
010110000110000101101000
010110110110010001101011
010111000110001101101101
010111100110010101101111
010111110110010101110001
010111010110010101110000
010111000110010001101111
010110110110010101101111
010111000110011001110000
010111010110011101110001
010110010110000101101110
010110110110001101110000
010111000110010001101111
010111110110101001110000
010101110110000101100011
011000110110110001101011
011001110110110001101000
011001100110011101100010
011001010110010001011111
011000000101111101011011
010111100101111101100001
011000010110010001101001
011000000110011101110001
010111000110010001101111
010111000110010001101111
010111110110100001110001
010110100110000101101001
010111100110001001101011
011000010110010001101011
011000100110001101101000
011001000101111101100011
011101010110110001101111
100111111001001110010101
110001111011110110111110
110000111011110111000001
100101011001001010011011
011010110110101001111010
010010110100110101100010
001101000011011001001111
001100010011010101010000
001101010011110001010110
001100010011010101001110
001110100011011001001101
001011100010100100111111
001011100010110100111101
011001110110101101110110
101110101100001111001010
111100101111101111111111
111100101111101111111111
111101111111111011111111
111000111110101011110010
010100010101100001100010
001001110010110100111101
001000100010011100111011
011101110111110010010010
010011100101111101101001
010010100101101101100011
010010110101101001100001
010011110101110001100010
010100110101111001100100
010100100101110101100011
010110000101111101100111
010111100110010101101111
010111100110010001110000
010111100110010001110000
010111010110001101110001
010110100110001001101111
010110110110010101110001
010111010110011101110011
010110010110011001101111
010101100110001101101100
011000000110100001110101
010111010110010101110010
010111110110011101110010
011001000110110101110110
010101110110001001100110
010100010101110001011110
010101110110001101100011
011001000111000001110000
010111000110100001101000
010110100110010101100111
010110110110011001101010
010111100110100101101111
010111010110011101110001
010110010110001001110001
010101110110000001110001
010110010110000001110000
011000000110011001110100
010111110110001101101111
010111100110001001101110
011000100110011001110010
011001010110100101110101
011001010110100101110101
011001000110011101110110
011001000110011101110110
010000110100011001010111
010000110100011001011001
001101110011100101001110
001100000011010101001011
001110000011110001010101
001100110011100101010001
001001110010110101000111
001001110010101101000100
001010000010011000111011
011101000111001010000000
101100101011001010111100
111100011111010011111001
111110011111110111111110
111110001111111011111110
111110011111111111111111
111100111111101111111101
101101111100000011000111
001101110100000001001001
001000010010011100110101
001101000011101001001010
101011011011000011000001
010011110101111101101100
010010100101101001100111
010010100101100001100011
010011010101101001100011
010100100101110001100101
010100110101110101100110
010110100110000101101011
011000010110100001110010
010110100110000001101100
010111100110010001110010
010111100110010101110101
010110110110001001110010
010110010110001101101111
010110110110010101110001
010110100110011101110000
010110010110011001101111
010110000110000001101101
010111010110010101110010
010111000110010001101111
010101010101111001100111
010111000110011101101101
011000010110110001110000
010111100110100101101101
010101010110000001100100
010110100110010101101011
010110100110010101101011
010110010110001101101101
010110010110001101101111
010110100110001101110100
010111000110010001110111
010111110110011101111100
011000100110100101111100
010111110110010101110011
011000100110011001110010
011000000110010001110000
010110000101101101101010
010100000101000101100011
010001110100100001011100
001111110100000001010101
001110010011100101010001
001011110010111101000111
001101000011011001001101
001011110011000101001000
001010000010110101000001
001001110010110000111111
001000110010100100111001
010000010100011101010111
011110100111110110001100
110011101100110111011011
111101011111001111111111
111111011111110111111111
111111001111111111111111
111101001111100011111001
111101111111110111111101
111100101111101011111100
111110011111111111111111
011111001000001110001101
000111100010010000110000
001011000011001001000000
010001110100110101011101
111010101110110111111110
010011010101110101101101
010101010110010101110101
010110000110010101110101
010100100101111001101010
010011100101100001100100
010100010101101101100101
010101110101111101101010
010110010101111101101011
010110100110000001101110
010111100110010001110100
010111100110010101110101
010110100110000101110001
010110000110000101110000
010110110110010101110001
010110110110011101110011
010110100110011101110000
010111000110011001110010
010111000110010001110001
010111100110011001110001
010110110110001101101110
011000100110110001110101
010110000110001001101011
010110000110001001101011
010111100110100001110001
010110010110001101101101
010111000110011001110010
010111100110011101110110
010111110110011101111010
010111110110011101111100
010111110110011101111110
010110110110001001111100
010110000101111001110110
010011110101010101100101
010011100101001001011110
010010000100101101011010
010000000100001101010100
001110010011101001001111
001101010011010101001101
001101010011010101001111
001101010011010101010001
001100100011001001001100
001100000011000001001000
001011000010110101000010
001100100011010101000110
010110000101110001101000
100101011001110010100110
110100111101011111100000
111101011111101011111111
111101011111010111111111
111111011111110011111111
111110001111100111111110
111101111111101111111110
111101101111101011111101
111110111111111111111111
111100001111100011111011
110100011101100011100000
010000010100011101010011
001000100010100000110110
001010000010111000111110
011100000111011010000110
111110101111110111111111
001111000100100001100000
010010100101011001101100
010101000101111101110011
010100010101110101101101
010100000101100101101010
010101000101110101101100
010110100110001001101111
010110110110001001110010
011000000110011101110111
010111110110011001111000
010111010110010001110110
010110100110000101110001
010110100110001101110010
010110100110011001110010
010110100110011001110010
010101100110001001101110
010111110110100101110011
010110110110010101101111
010110100110010001101110
010110000110001001101100
011000100110101001110101
010110100110001001101101
010111000110010001110001
011001000110110001111001
011000100110100101111001
010111110110011001111000
010110010110000001110011
010100100101100001110000
010011000101001001101100
010001110100110001101001
010000000100010101100010
001110100100000001011010
001110010011111001010001
001100100011010101000110
001011010011000001000001
001100010011010001000111
001101010011011001001011
001100000011000001001000
001010100010011101000010
001001010010001000111101
001100100011000001001000
010011100100110001100010
100001001000001110010101
110000001100001011001111
111010111110111011110111
111110001111110111111111
111110011111110111111110
111110011111110111111110
111110101111101111111111
111111111111111011111111
111110011111101011111110
111111001111111111111111
111011101111001011110101
111100011111011011111010
111110011111111111111111
100001011000101110010111
001010000010111000111100
001011110011010101000101
001011110011001001000011
110000011100010011010011
111101101111100011111111
001010100011010101010001
001011110011101101010101
001110010100001101011100
010000110100111001100010
010010110101001101100110
010011100101011101101000
010100100101100101101011
010101100101110101101111
010110110110001001110100
010111100110010101110111
011000000110011101111001
010111110110100001111001
010110000110010001110100
010101010110000101101111
010110000110010001110010
010111000110100001110100
010110000110001001101110
010110110110010101101111
010110100110010001101110
010101000101111001101010
010110100110001001101111
010110100110000101110001
010100100101100101101011
010010000100111101100001
010000100100100101011100
001111010100001101011001
001101110011110101010101
001100110011100101010001
001100010011011101010001
001100000011011001010000
001011110011010001010001
001100000011010001001111
001011010010111101000100
001011100011000101000100
001011010011000001000011
001010000010101100111110
001001110010100000111100
001110010011101001001110
011001100110010001111001
100011011000101110100000
101111101011110111001111
111011011110110011111010
111111101111111011111111
111110101111101011111111
111111001111110111111111
111110111111111111111111
111101111111101111111010
111111101111111111111111
111110111111110111111100
111111101111111111111111
111101111111100011111010
111100001111010011110101
111100011111011011111010
111110111111111111111111
110100001101011011100010
001111010100001101010001
001010110011000001000011
000111100010001100110110
011011110111001010000011
111100011111010111111111
111110111111111011111111
001011100011100101011001
001011010011100001010110
001011110011100001010101
001100100011110001010101
001101110011111101010100
001110000100000001010011
001110100100000101010100
001110110100001001010101
010001010100110001011111
010001110100111001100001
010011100101011001101001
010110000110000101110010
010110000110010001110100
010101100110001001110000
010110000110010001110010
010111110110101101110111
010110110110010101110001
010110110110010101110001
011000010110101101110111
011001010110111001111101
010011010101010001100110
001101000011101101001101
001011000011001101000110
001101000011101001010000
001101010011101101010001
001100110011100101010001
001100110011011101010000
001100100011011001001111
001011010011000101001010
001010000010110001000101
001001100010101001000011
001010010010110101000110
001011110011000101001000
001101010011011101001100
010010100100101101011111
011100000111000110000011
101000111010001010110010
110100001100111111011101
111011111110110111111000
111111001111101111111111
111111101111110111111111
111111111111111011111111
111110011111100011111101
111110001111100011111010
111111111111111111111111
111111011111111111111110
111101101111011111111001
111110101111110011111011
111110011111101111111000
111111101111111111111101
111111101111111111111111
111101011111100111111010
111110111111111111111111
111100011111010111111111
011110000111101110001010
001010110010111001000001
001011100011000101000100
001010100010110101000000
110000101100010011010011
111100111111010111111111
111111011111110111111111
001011110011011101011011
001100110011110001011101
001011110011100001010111
001001010010111101001010
001001100010111001000101
001011110011011101001100
001101000011101101001110
001100010011100001001011
001100100011100101001100
001010000010111101000010
001010110011001101000110
010001000100110001011111
010110100110010101110111
010111110110101101111011
010110100110011001110110
010101100110001001110000
010110010110001001110001
010111010110011001110101
010111010110011001110101
010110000110000101110010
001111010100010001010111
001101000011101101001110
001011100011010001001010
001011010011001101001001
001001110010110101000011
001000100010100000111110
001000100010011100111101
001001110010110001000000
001100100011011101001011
010000110100100001011011
010111010110001001110101
011101100111100110001100
100110101001110110110000
101111011100000011010001
111001101110100011110111
111110101111110011111111
111111101111111011111111
111111001111110111111111
111111101111110111111111
111111111111111111111111
111111001111110011111100
111110001111100011110110
111111111111111111111101
111111111111111111111111
111101111111011111110111
111111001111110011111100
111111101111111111111111
111110101111110011111011
111111001111111011111001
111101111111100111110100
111011101111001011110001
111111001111111111111111
111100001111010111111011
101100111011011111000011
001110000011101101001100
001011110011001001000101
001011000010111101000010
011011010111000010000001
111011111111000111111111
111110001111101111111111
111110011111101011111111
001011100011001101011001
001100100011100001011100
001101010011101101011011
001100100011100101010101
001010010010111101001001
001010000010111001000100
001010100011000101000100
001010000010111101000010
001011000011001101000110
001100110011101001001101
001011100011011001001011
001111100100011001011001
010010100101001001100101
010100010101101001101011
010011110101101101101011
010011000101100001101000
010110000110000101110010
010110010110001001110011
010101110110000001110001
010100100101101001101101
010000110100101001011101
001100110011100101001111
001100000011011101001010
001100110011101001001101
010011010101001001100110
011000000110010101111000
011111111000001010010011
100111101010000110110000
101110011011110111001001
110100101101011011100001
111010001110110011110111
111101111111101011111111
111110001111101011111111
111110111111111011111111
111111001111111111111111
111110101111110111111111
111110101111101111111111
111111001111111011111101
111111011111110111111011
111111001111110111111000
111111001111101111110111
111111111111111011111010
111111001111101111110111
111111101111110111111011
111111011111110111111011
111110111111101111111011
111111111111111111111111
111111001111111011111101
111111101111111111111101
111100101111011111110011
111111001111111111111111
111110001111101111111111
110111101110001011101011
010100000101010001100000
001000000010001100110100
001110000011101101001110
001111010011111001010010
110001011100011111010110
111111101111110111111111
111110111111101111111111
111101001111010111111001
001100100011011001011100
001011000011001001010110
011010000110110110001101
101101101011101111011000
100010111001000110101001
011001100110110010000010
011000100110100101111100
010010100101000101100100
010000010100100001011011
001011100011010101001000
001010000011000001000101
001001110010111101000100
010011010101010101101000
010011100101011001101001
010101100101111101110000
010110010110010001110110
010011010101010101101000
010010000101000001100011
010100010101100101101110
010101100101111001110011
001101110011110101010011
001011110011011001001001
001001000010101100111110
011101100111110110001111
111010011110111111111111
111011011111001111111111
111101001111100011111111
111101111111101111111111
111101111111110011111111
111101101111101111111111
111101111111101111111110
111110001111110011111101
111110001111110011111101
111110101111111011111111
111110111111111111111110
111110101111111011111101
111110111111110111111010
111111001111111011111011
111111011111111011111001
111111001111110111111000
111111001111101111110111
111111111111111011111010
111111011111110011111010
111111111111111011111100
111111011111110111111011
111110111111101111111001
111111111111111111111111
111111001111111011111101
111101011111101011110110
111111001111111111111111
111101001111100011111011
111101001111011111111110
011110110111111110001010
001011100011000101000000
001101100011100101001010
001001000010011100111000
100101011001011010101000
111010101110110011111001
111111101111111011111111
111110111111110011111111
111110001111100111111011
001010010010101101010001
001010010010110101010000
001101010011100001010111
101001001010100011000011
111101101111101111111111
111001011110101011111110
110110101110000111110011
111000011110100011111010
101011101011010111000111
001010110011001001000100
001101110011111001010001
001101110011111001010001
001101000011101101001110
010001100100111001100001
010100010101100101101100
010001010100110101100000
010110100110001001110111
010010010101000101100110
010110010110000101111000
001111100100011001011011
001001100010110001000010
001101110011111001010001
000111110010010000110111
101010111011000111000001
111101111111101111111111
111101111111101111111111
111110001111101111111111
111110011111110011111111
111110111111111111111111
111110111111111111111110
111111011111111111111100
111111001111111111111000
111110001111111011110010
111110101111111111110100
111111011111111111110111
111111001111111111111000
111111001111110111111000
111111011111110111111011
111111011111110111111101
111111011111110111111101
111111011111101111111110
111111111111111011111111
111111001111110011111100
111111101111111011111110
111111101111111011111100
111110111111110011110111
111111011111111111111010
111110111111110111111000
111110001111110011111011
111100001111010111111000
111110111111111111111111
100111001010000010101011
001010110010111000111101
001100110011011001000111
001000010010001000110100
010111110110000001110010
111001011110010011110010
111111101111111011111111
111110111111110011111111
111110011111101011111100
111110111111101111111011
001110100011110101011110
001010100010110101001100
001101000011100001010101
001101000011100001010001
101110011011111011010010
111110011111111011111111
110101011101101111101011
111010101111000111111111
111010011111000011111111
011111001000001110010101
001001000010101100111110
001011010011010001000111
001010100011000101000100
001101000011101101001110
010101100101110101110000
010100010101100101101110
010100100101101001110001
010001110100111101100110
001110100100001001011001
001001110010111101000100
001110110100001001010101
001011100011010101000111
010001110100110101011101
111010011110111111111011
111110101111111011111111
111110001111110111111111
111110001111110011111111
111110001111110011111101
111110011111110111111100
111110011111111011111010
111110101111110011110111
111110011111110011110011
111110111111111111110000
111110101111111111101111
111111001111111111110001
111111001111111111110100
111111011111111011111000
111111011111110111111011
111111011111110111111111
111111011111110111111111
111111101111110011111111
111111111111111011111111
111111001111101111111111
111111111111111111111111
111111101111111011111100
111110011111101111110110
111111001111111111111000
111110011111111011111000
111110001111110111111111
111110011111111011111111
101010111010111110111010
001011100011000101000000
001010000010101100111100
001100010011010001000101
010000100100001101010101
110011001100111011011101
111110101111101011111111
111111101111111011111111
111101011111011011111000
111111001111111011111101
111110111111101111111001
100100111001010010110011
001000100010001101000001
001100010011001101001100
001010000010101000111111
010101010101100001101011
101100101011100011000110
111010101111000011111110
111010101111000011111110
111000101110100011110110
110100001101011011100110
010010000100110101100000
001011000011000101000101
001101000011100101001101
001011110011010001001000
001010110011000001000100
001101100011110001010010
001100100011101001010001
001111010100010101011100
001011100011011001001101
001100100011101001001111
001001000010101100111101
001001000010101100111011
101100101011100011000100
111100011111100011111111
111110101111111111111111
111110101111111111111111
111111001111111111111111
111111001111111111111111
111111101111111111111101
111111101111111111111101
111111111111111111111011
111111101111111111111000
111111001111111111110001
111111001111111111101111
111111001111111111110001
111111011111111111110101
111111101111111111111010
111111101111111011111100
111111011111110111111111
111111101111110111111111
111111101111110111111111
111111111111111011111111
111111001111101111111111
111111101111111111111111
111111011111111111111110
111110001111101011110101
111111001111111111111000
111110011111111011111010
111011001111000111110111
110010001100111011011010
001101110011101001001001
001100100011010101000110
001010110010111001000001
001100100011010101000110
101100101011010011000011
111101011111011111111111
111110101111101011111111
111110101111101111111101
111110001111100011111000
111111111111111111111101
111111011111110011111010