010110000101011101100111
010101110101100101101000
010110100101110101101110
010111110110011001111000
010111010110010101111000
010001000100111101100101
001011100011100101010101
001011000011011101010111
001101000011101001011110
001010110011000101010101
001011110011001101011000
010111110110010010000010
101100011011011011001100
111011001111001011111111
111110001111111111111111
111110001111111111111111
111101111111101111111111
111111001111111011111111
111011111111001011111111
101001011010101010111110
010101110101101101110100
001001110010110101000111
001010110011001001001111
001100100011100101010101
001100000011101001010101
001011100011100101001111
010000000100101101011111
010101100110001001110010
010110110110011101110101
010111010110100101110101
011000010110101101110101
010110110110010101101111
010110100110011001110010
010101110110001101101111
010101000110000001101100
010011110101101101100111
010010000101010001100010
010001000101000001011110
001111100100100101011011
001101010100000001010100
001100000011110001010100
001010000011010001001110
001001110011010101010010
001001100011010001010001
001010110011101001010111
001010000011011101010100
001011100011111101011001
001010010011110101010110
001000100011101001010010
001010000100000001011000
001000110011100001010101
001010000011011101010110
001011100011011001011010
001100010010111101010100
001111000011000101010011
010100000011011101010101
011001000011011101010100
011111000011111001010101
100101110100001101010011
101010110100000101001101
101110100011101101000100
010101100101100001100111
010110110101110101101100
010110110110000101101111
010111010110010001110100
010111000110010101110110
010011110101101001101110
001110010100010101011101
001010110011010001010001
001100110011100101011011
001101000011101001011110
001011000011000001010101
001011100011001101010011
010100010101011101110001
100010111001001010100101
101111001100010011010001
110101001101110011100111
110100011101011111100101
101011011011000011000001
011110000111110110010001
010000100100011001011111
001011100011010001001110
001010110011000001001110
001101000011101101011000
001100010011100001010101
001100010011100001010100
001100010011110001010010
010010010101000101100100
010111110110101101111011
011000000110101001110110
010101100110000001101010
010101100110000001101001
010110110110010101101110
010110100110010001110000
010111000110011001110010
010111110110100101110101
010111100110100001110100
010110010110001001110001
010110010110001001110001
010110100110001101110100
010101100101111001110011
010011100101011001101101
010010000101001001101011
001110100100011001100000
001110000100010001011110
001100000011111001011000
001010100011100101010000
001010100011101001010001
001001100011100001001110
001011000011111001010100
001000010011010101001101
001001000011010001001110
001100000011110101011101
001010100011001001010110
001110010011101101100001
001110010011001101010111
001101110010011001001000
010010100010110101001011
010110100010111001000111
011011110011000101000110
100000100011010001000100
100101110011010101000010
010101010101100101100101
010110100110000101101011
010111010110011001101111
010110010110001101101100
010110000110010101101110
010110100110011001110100
010010010101010001100110
001011110011100101010010
001011100011010101010010
001011110011010101010111
001101000011100001011101
001100110011011101011100
001011010011001001010010
001100000011011101010100
010000000100011101100001
010011000101010001101011
010011010101001101101001
010000010100011101011111
001101000011101001010100
001010100010111101001101
001100010011011101010111
001100110011100101011011
001100100011100001011010
001011100011010001010100
001110100100000101011101
010010110101001101101010
010111100110010101111000
011000010110101001111001
010111000110010001101111
010110100110001101101010
010110110110010001101001
010111010110011001101101
010111000110001001101110
010111010110000001101111
010111100110000101110000
010111110110001001110001
010111110110001001110001
011000100110010101110110
011001000110011101111010
010111100110001101110111
011000000110010101111011
010110000101111001110100
010101100101111001110011
010110100110001001110111
010010000101001101100101
001111100100101001011010
001001110011010101000010
001001010011001101000000
001011010011011001000111
001100000011100001001101
001011110011011001010000
001101000011101101011000
001100000011011001011010
001010110011000001011000
001101100011101101100011
001101010011011101011110
001101110011010101011010
001110000011000101010010
001111010010110101001000
010001100010111001000110
010100100010111101000101
010100100101101001100101
010101100101111101101000
010110100110010001101101
010110010110010001101010
010101110110010001101010
010111000110100101110010
010101000110000001101110
001111110100101001011100
001101010011110001010110
001001110010111001001011
001010010010110101010000
001100010011011101011011
001011110011010101011001
001010100011000001010100
001010110011000101010101
001010110011000101010001
001010010011000001001101
001011010011010001010000
001011000011001001010010
001010110011000101010011
001100010011011101011011
001011110011010101011001
001011110011010101010111
001101100011101101011011
010000000100010101100010
010101100101110001110010
011000010110100001111010
010110110110001101110000
010110110110010001101101
011000010110101001101111
011000010110101101101101
010111000110010101101010
011000110110011101110010
011000000110010001110000
011000010110001101110000
010111110110001101101111
010111010101111101101100
010111010110000101101101
011000010110010001110011
011000000110001101110100
011001010110100001111001
010101010101101101101011
010110000101111101101111
011000100110110001111000
010101000101111001100111
010100100110000001100011
010101100110010001100101
010101100110010001100101
010001010101000001010100
001111100100011101010000
001110110100001001010010
001001100010111001000011
001001110011000001001101
001101110100000101100100
001010110011010001011011
001011110011101101100001
001011100011101001100000
001011010011011101011011
001011110011010101010111
001100100011010101010100
001101100011001101010000
010100110101110101101001
010100010101101101100101
010101100110001101101011
010110110110100001101110
010110100110010101101011
010110100110010101101011
010111000110011001110000
010101100101111101101110
010001000100101101011110
001110100100000001011010
001100110011101001010111
001100010011011101011001
001100000011010101011011
001100100011101001100001
001100100011101001100001
001010000011000001010101
001100100011101101011010
001101100011111101011100
001100100011101101011010
001100000011100101011010
001100010011011101011011
001100000011011001011010
001101000011100001011011
010000010100010001100011
011001010110100110000100
011000110110100001111100
010111000110001101110011
010110000110000001101011
010110000110001101101001
010110100110010101101001
010110100110010101100111
010110110110011001101010
010110100110000101101001
010111000110001101101101
011000110110011101110000
011000000110011101101111
010110110101111101101000
010110000101111101100111
010111010110010001101110
011000000110100101110010
010110100110001101101100
011001100111000101110111
010110000110011001101001
010111100110111001101101
010001010101011001010000
010000100101011001001011
100010101001111110010000
011111111001010010000011
001011010100001000110011
010100010110010101011001
101001111011100010110010
001101000100001101000110
010001000101000101100001
001011100011101001010010
001010000011001101010001
001010010011001101010110
001001110011000101010101
001001110011000101010101
001011000011010001011001
001101010011101101011111
001110010011101101100001
010100100101111001101100
010011110101101101100111
010101000110000001101100
010111100110100001110001
010111000110011101101101
010110100110001101101010
010111010110011001101111
011000110110101101110110
010101000101101101101011
010001010100110001011111
001101010011110001010110
001011000011001101010000
001001110011000001010001
001010110011001101010111
001011110011011101011100
001011110011011101011011
001010100011010101010001
001011000011100001010010
001010010011001001001111
001010100011001101010000
001011110011010101010101
001111110100010001100100
010100000101001101110010
011000110110011110000010
010111000110000101110111
010110110110001001110010
010110100110001001101101
010110010110010001101010
010110100110100001101011
010111100110110001101101
010111000110110001101100
010101110110011101100111
010110100110100001101001
010110010110010001100110
010110110110011101100111
011000000110110001101100
011000000110110001101100
010111100110110001101100
010111010110101101101100
010110000110100001101000
010111010110110101101100
010011010110000001011100
010101000110100101100010
001111110101011101001001
010001110110000001001101
011101111001001101111010
100111101011101110011101
100100011011000010010000
010000100110010001000011
100111011011111010011111
100011011010100110010011
001010000100000000110011
010001110101101101011100
010001110101100001100010
001111100100101101011110
001111110100101101100101
001101100011111101011110
001011110011100001010111
001010100011001101010100
001010110011010001010101
001100000011011001011000
010011100101101101101100
010100010101110101101101
010100110101111101101111
010110010110001101101111
010111100110011001110001
010111010110010001101110
010111000110001101101101
010111100110010001110000
011000110110100101110111
010101100101110101101101
010010100101001001100101
010010000101000001100101
010001000100101101100101
001101110011111001011010
001011100011010101010001
001011010011011101010000
001100000011110101010000
001011110011110001001101
001100000011101101001111
010000000100100001011111
010010010100111101101001
010110100110000001111000
010111100110001101111001
010111100110001101110111
010101000101101101101011
010111000110010001101111
011001010111000001110110
011000000110111001101111
010101000110010001100011
010011110110001001100000
010010110101111101011101
001111110101011001010000
010000010101100001001110
001110010101000101000100
001101110100111101000010
001110100101001001000101
001110110101001101000110
001110010101001101000110
001101110101000101000100
001100010100101100111110
001101010101000101000011
001111110101111001001110
001101010101010101000000
010110100111110001100011
100001111010110010001011
100101101011111110010111
100100111011110010010000
010101001000001001010011
011001111001100101101000
101001101101011110101000
010101000111111001011010
001001010100100100101111
011001001000000001110010
010000010101011101010101
010101000110001001101011
010011110101101101101001
010100110101101101101110
010010010101000101100110
001111000100010001011011
001100010011100101010000
001011100011010001001100
010010100101011101101000
010100110101111101101111
010101010101111001101111
010101000101101101101011
010111100110010001110010
011000110110011101110011
010110110101111101101011
010101100101101001100110
010111000110001001101110
011001000110110001111001
010111110110100001110111
010101100101111101101110
010101000101110101101110
010100000101100101101010
010010010101000101100100
010010000101000101100010
010010000101010001100010
010010110101011101100101
010100010101101001101011
010110100110001101110100
010101010101110001101110
011000000110011101111001
011000000110011101110111
010111010110010101110000
011000010110110001110010
010101000110001001100011
010100110110001101100000
010100000110001101011101
010000000101011101001101
010001000101111001010001
011000010111110101101111
011101101001010110000101
100011001010110010010111
100010101010110010010100
100011011010110110010110
100001111010100110010001
011110111001110110000101
011110001001101010000010
100000001010001010001010
100001111010101010010010
100000011010011110001110
100010101011001010010111
100110111100010010100100
100101001100000010011100
100100001011111110010011
100010101011110010001011
010111101001000101011001
011001001001101101100001
100101011101001010011001
011111101011100010000101
010110101000110101100010
010101011000000101100000
011101011001011010000011
001011110100100101000000
010110000110101001101100
011000010110111001110111
010110110110010101110001
010110110110001001110010
010100110101110001101101
010001110101000001100001
001111110100100001011001
010011110101101101100111
010011100101101001100110
010101000101110001101001
010101110101110101101011
010101110101101001101001
010111010101111101101110
011000000110001001110001
010110000101110001101000
010111100110010001110000
011000110110101101110110
010111110110100101110011
010101100110001101101100
010111100110100001110010
010111100110100001110010
010110100110001001101101
011000100110101001110101
010111000110011001110010
010110010110001101101111
010111100110010101110101
011000100110101001110111
010111100110011001110011
011000100110101001110101
010100100101101101100010
010101000101111101100001
010111110110111001101001
010010100101111001010011
001101110100111100111111
010110010111010101011111
100110111011101110100011
101110011101101111000010
101011111101011010111011
101010011101000010110011
100111101100010110100110
100111111100100010100110
100100011011100110010110
100011101011100010010100
100110101100010010100000
100101011011111110011011
100100011011101010011000
100100111011111110011100
100101111100001110100000
100011011011101110010110
100010001011011010001111
011111101010111110000010
011010111001111101101110
011001111001111001100101
011111101011011001111001
100101001101000010010010
100010011100101010010010
011100001010111001111101
010010101000000101011001
011010001001010101111000
001110100101110001001011
010001010101111001011000
010101110110100101101101
010110010110011001101111
010110010110001101101111
010111000110010101110100
010111000110100001110110
010110100110100001110101
010101110110010101110010
010011100101101101100001
010100000101101101100001
010100100101100101100011
010101110101101101100111
010111000101111001101101
010110110101110101101100
010111010101111101101110
011000000110001101110010
010111000110010001101111
010101010101111101101000
010110010110011001101110
010101000110000101101001
010110100110011101101101
010111010110100001101110
010110010110001001101001
010111010110011001101111
010111110110011101110100
010110100110000101110001
010111100110011001110011
010111100110011001110011
010110100110010001101101
010101010110000001100100
011000010110111101101111
010100110110010001011100
001110100100111101000000
011000010111101001100100
100111101011110010100000
101010101100110110101100
101000111100100110100100
101001001100111010100110
100101101100001110011010
100100101100000110010111
100100001011110110010100
100010111011100010001111
100100111100000010010111
100011111011110010010001
100000001010101110000000
100000001010110110000010
011000101000111101100110
011011101001110101110011
011110101010100101111111
100000011011000110000111
100011101011111110010010
100100011100010110010100
100010111100001010001011
100010101100000110000111
100010011100010010000100
100001111100001110000101
100000101100001110001011
011111101011110010001011
010010000111111101010111
011001011001001001110101
001011000100110100111100
010101000110101101100101
010111100110110101110010
010110010110001101101101
010110100110001001101111
010111000110001101110011
010111000110010101110100
010111000110100001110110
010111000110101001110111
010100110101111101011111
010101110110001001100100
010100110101101001100000
010011110101001101011110
010101110101100101100110
010111000101111001101011
010110100101110101101100
010110110110000101101111
011000010110101101110101
010100100110000101101000
010110010110101001110001
010101110110100101101101
010111010110110001110001
010110100110011101101101
010111000110010101101110
010111100110010001110000
010110010110000001110000
010110110110001001110100
010110110110010001110011
010101010101111101101011
010111010110101001110010
010110100110101001101010
010011010110000001011010
001100100100101000111010
011101001001000001111001
100111101100000010011111
100110111100000110011000
100110101100010110010111
100101001100001010010001
100001111011011110000011
100100101100010010001111
100010001011101010000111
100011101011110010001110
100100001011101110010000
011111101010100101111100
010111001000011101011001
011000111000110101011111
011100111001111101101110
100001101011000110000011
100011011011100010001010
100110011100010010010111
100100001011111010010000
100010111011100110001010
100001101011011010000100
100001101011100010000011
100011001100001010001000
100100101100100010001100
100100001100011110001101
100001001011111110000111
011110101011010010000001
010001000111011101001110
011011011001011001111000
001010010100011000110100
010111000110111101101001
010110010110010001101000
011000000110011101110001
011000010110010001110011
011000000110001101110100
010111100110000101110100
010111000110000101110100
010111000110000101110100
010100000101101101011101
010101010101111001100011
010101010101110001100100
010101000101100001100011
010101000101011001100011
010101010101100001100111
010101100101110001101010
010110000110001001101100
010100000110001001100110
010101010110100101101010
010101000110100101101010
010011110110010001100101
010110100110110101110001
010110000110011101101100
011000000110101001110011
010101010101110101101000
010111110110011001110110
011001000110110101111110
010111100110101001111000
010011100101110001100101
010100010110001101100111
010100010110010101100011
001101000100111001000001
010101100111001101011111
100011001010111110010001
100111111100010110011110
100011001011011110001001
100000001010111101111011
100011011011111010000111
100011111100001010001010
100011001011111110000110
100010111011110110001000
100101011100001010010111
011001111001000101101001
010100000111100101001111
100011111011100110001011
100111111100100110011001
101000011100101110011011
100110101100010010010100
100111101100100010011000
100100111011111010010000
100010101011010110000111
100010001011011010000101
100011111011110110001100
100011111011111110001011
100010111011111010000110
100010101011110110000100
100001101011110010000010
100010001011111110000110
011011101010001101101111
010010010111011001001101
011101111001110001111011
001100110100111000111011
010101010110100101100000
010101010110000001100010
011000010110100001110000
010111110110001101101111
010111100110000101110000
010110110110000101110001
010111000110001001110010
010111000110001101110101
010000100100110001011000
010000100100101001010111
010100000101011001100110
010111000110001001110010
010110000101101101101100
010011110101010101100101
010011110101110001100101
010011110110000101100101
010000110101110001011001
010001110110010001011111
001100000100110101001000
001110000101010101010000
010100010110100101101001
010011010110000001100100
011000010110111001110110
010111100110100001110010
010100110101111101101011
010100000101111001101001
010100100110001101101011
010101110110101001110000
010101100110110001101010
010001000101111101010110
001101000101010101000100
011101001001011101111111
100000111010101110001001
100001011010111110000111
100010001011011010001000
100101001100010010010010
100100101100001010010000
100011001011110010001000
100101011100010110010011
100101101100010110010111
010111111000101101100111
010100110111110001011010
100011111011100110010011
100111001100011110011100
100110111100011010011000
100110001100010010010011
100111011100011110010111
100101001011111010001100
100100011011110110001100
100010111011011110000110
100010011011011110000110
100011001011101010001001
100010011011011110000110
100010001011100010000100
100011001011110010001000
100011011100000010001000
100010101011110110000100
011100001010000101101010
010011110111100001001100
011110011001110001111011
010010000110000101001100
010001000101100001001100
010111110110111101101100
010101100110010001100111
010110100110010101101011
010110010110011001101110
010110000110011001101111
010110000110011001110001
010101010110010101110010
001100100011100101010011
001101010011110001010110
010000000100011001100000
010010110100111101101000
010100100101011101101101
010101100101111101110000
010010100101101101100011
001101010100110101001101
011100111001001010001010
101010001100110010111110
101000001100010010110110
100001001010011010011000
010110000111010101110000
001111110101010001010101
010101100110010101101100
010110100110011101101111
010100010110000001100101
010010010101110101011110
010001010101100101011010
010001110110000001011101
010001000101111101011000
001100010101000101000010
010011010111001101011110
011000101000101001101111
011110011010010110000010
100101101100010010011101
100010101011100110001111
100011111011111010010010
100101001100001110010111
100010001011011110001011
011111111010110010000011
010101101000001001011110
010001100111000101010011
010110001000001101100111
011001111001001101110010
011100011001111001110111
100011001011100110001110
100100111100000110010010
100001101011001010000001
100100011011110110001100
100011011011101110001010
100100101100000010001111
100100111100000110010000
100010111011101110001001
100001101011011010000100
100011001011110010001010
100100011100000110001111
100010111011110110001000
100010011011110010000100
011100101010001001101110
010010000111000101000111
011101101001100101111001
011000100111111001101000
001100100100100000111100
010111100111000101101101
010100110110001101100011
010110010110100001101101
010110100110100101110000
010110000110100101110001
010101100110011101101111
010101000110010101101111
001010010011000001011100
001101010011101001100100
001100110011011001011111
001100100011011001011001
010000110100100001100101
010010100101010101100111
010001000101011101011110
010000000101110101011000
101000001100010010110110
100111011100011110110001
100110111100010110101101
101010001100111110111010
011111001001111010010000
010101010111000001101011
010101110110100101101011
011010000111011101111010
011010010111111001111001
011101111001000110000110
011111011001011110001100
011110101001100010001100
011010001000101001111010
010101010111110001100111
011011111001100110000001
011000011000111001110001
010101001000001101100011
011000101001000101101111
011100101010000101111101
011011011001101101110111
011010011001011001110111
010111101000100101101101
011000111000101101110001
100110001100001010101010
101000011100111010111001
101001001101010010111100
011101101010010010001000
010100000111111101011101
100110101100101010100010
100010101011101110001110
100010001011100010001000
100100001100000010001110
100011001011110010001010
100011001011111010001011
100010111011110110001100
100001001011011010000101
100001001011011010000101
100011101100001010010001
100101011100100110011000
100100001100010010010011
100000011011010110000100
011010111001110001101111
010001110111001101001111
011010001000111101110100
011100101001000110000001
001111010101011101001110
010010010101110101011100
010101110110100101101101
010110000110011101101110
010110000110011001101111
010110010110011001101111
010110100110011001110010
010111010110011101110011
001010010010111101011111
001101000011100001100111
001011100011000101011100
001100010011001101011010
001110000011111101011100
001010100011011101001010
001110010101000001010110
011101001001010110001110
101001101100111110111101
100110101100100010101110
100011111011110110100001
100000101010111010010011
011011111001010010000010
101010001100011010111010
110010001110000111011101
110010101110000011011101
110000001101110011001110
101111111101111011001110
101101001101010111000100
101111011101111011001101
101101101101100111000101
101011011101010010111111
101000111101000110110111
100111101100111110110010
100110111100110010101110
100011001011101010011101
011001111001010001110111
010101101000001001100111
011110101010011010001101
101100001101110011000101
101111011110011111010011
101000011100110010111001
100111001100101110111001
100111001101000010111010
100011101100000010100111
010011111000001001100011
011110101010110010000111
100010101011110110010010
100010101011101110001100
100001111011100110001000
100010101011110010001001
100001011011011110000100
100001011011011110000100
100010001011110110001001
100010111100000010001100
100011011100000110010000
100010101011111010001101
100000011011011110000110
011101001010100101111011
011001011001100001101111
010110001000011001100010
010101111000000001100010
011101001001011110000001
010111110111111001101111
001110000100111101001001
010110100110111001101101
010110110110101001101111
010110000110010101101110
010101110110000101101101
010101110101111101101100
010110010110000101101110
001001010010111101010011
001101000011101001011110
001110000011100001011110
001100110011001101010101
001101100011101101011000
001000000010111101000010
001011010100100001001111
101010011100111011000111
100101111100001010110001
100100101100001010101010
101000101101001010111000
101010111101011110111100
101110111110001111001011
101110101101110011001011
101011101100111011000001
101011101101000011000010
101100111101100011000110
101010001100111110111010
101100111101100111000100
101010111100111010111010
101000111100010010110001
101000111100100110110100
100001101011100010011111
100101101100101110101111
100011111011111110100101
100110011100010110101100
101001101101000010111000
101011011101011110111111
101001111101011110111111
101000001101000110111011
100111101100101110110110
100110011100100010110100
100010011011110010101001
100101101100110010110101
100011101100001110101001
010111011001001001110100
011010101001111001111010
100001101011100110010000
100001111011100010001001
100010101011110010001001
100010101011101010000110
100010011011101010000011
100010101011101110000100
100011011100000010001000
100100011100001110001110
100011001100000110001101
100000011011011010000010
011101101010101001111010
011011001001111101110110
011000001001001001101100
010111111000110101100110
010010110111011101010011
011010101001001001110000
011101111001100101111110
001111110101101001000111
010010110110000001010111
010100000110000001100000
011000010110101101110100
011000010110100101110110
010111100110010101110101
010110000110000001101101
010000000100101001100101
001010100011000101001101
001010000010011101000110
001101100011011001010010
001110010100000101011000
001010110011110101001011
010010110110100001101100
100101011011110110110101
100001101011001010100001
101011001101110011000110
101100111110001111001001
101100001101110011000001
101010011101000110111001
101010111101000110111100
101100101101100111000111
101111111110011011010100
101001101101000010111100
100100101011110010100110
011100111001110110000111
010101010111110001100111
010010010110110001011000
001101100101110101001000
001110000110101001010001
100001011011101110100001
100100011100001110101010
100111111100110010110101
100111101100101010110011
100101111100010010101101
100101111100101110110100
100101111100110110110101
100011011100000110101010
100001011011101110100011
100101011100101110110100
100011111100011010101111
100010011011111110100101
010110011001000001110001
011000001001010001110000
100011011100001010011000
100010011011101010001101
100010101011110010001011
100011111011111110001011
100011101011111110001000
100011011011111010000111
100011001011111110000111
100010101011110010000111
011111111011010010000000
011100001010010001110011
011001011001100101101001
010110101000110001100110
010110011000100101100011
010111101000111001100110
010010000111011101001101
011000111000110101100101
011111111010010010000010
011101101001010001111010
001111100101010101000101
010100110110001101100000
010101010110000001100110
010111110110011101110100
010111100110010001110100
010111000110001101110011
101000001010100010111011
010111010110010001110111
001110010011101101010000
001100100011010101001000
001010010011001001000001
001001010011100101000000
010101100111011001110011
011001111001000110000101
101010001101010111000001
101100011110000111001001
101100011101111111000101
101011011101100110111110
101101001101110011000100
101101111101111011001011
101001011100111010111110
011100011001110010001011
010110011000001101101111
010101111000000101101011
010011010111101001100011
010010110111100001100001
010110101000010001101110
010101001000000001101001
010111111001000101111000
100100101100100010101110
100011011100001110101001
100010111100000110100111
100011111100010010101010
100101001100100110101111
100101101100110010110010
100100101100101010101111
100011001100011010101101
100010011100010110101011
100011011100010110101100
100001101011111010100101
100100011100100010101011
011010111010001010000010
010110101000111001101010
100011011100001010011000
100001101011011110001010
100001111011100110001000
100001101011011010000100
100000111011001101111111
011111111011000101111100
011111001010111001111011
011110001010101001111001
011011101010001001110001
011001001001100001101000
010111011001000001100101
011000001001001001101100
010111011000110001101000
011001111001011101110001
010100101000000001011001
010100000111101001010100
011011011001010101110010
100000111010010010001001
010011010110100001010111
010010110101111001011010
010110100110011101101101
010111000110010001110001
010111010110010001110100
010111110110010101110101
111101101111111011111111
110101111101111111101010
101010111010111110111011
010110010101111101101011
001010000011010100111101
000101010010101000101011
010100000111000101101010
101011011101100011000111
101010011101011011000001
100111101100111010110100
101111101110101011010001
101001111101000110111001
101011111101100111000011
011111001010011010010010
010100100111111001101101
010110111000011101110110
011000101000110101111001
010011000111100101100010
010101001000010001101100
010100011000001101101010
001111100111000001010111
010110111000110101110100
100011111100010110101011
100100011100100110101110
100101101101000110110101
100010001100001110100111
100100001100101110101111
100110101101010110111001
100011001100011110101011
100001111100001110100111
100011001100101110101110
100010101100100110101100
100100011100101110110010
100010011100000110100110
100011011100010010100101
011100001010011010000110
010010010111110101010111
011101011010101010000000
011111111011000010000011
100000101011001110000100
011101001010010001110100
011011111001111101101111
011010001001101001101001
011001011001011101100110
011000001001010001100100
010111111001001101100101
010111111001010001100110
010111111001010001101010
011000011001000001101100
010111001000101101100111
011010011001100101110011
010111001000110001100100
010000110111000001001001
011010101001010001110000
011100101001011101111000
011110011001100110000100
001101110100110001000101
010110100110100101101100
010101010101111101101001
010111000110010001110001
011000100110100001111000
111110011111111111111111
111101111111111111111111
111110011111111111111111
110110111110010111100111
101100101100000011000000
010001110101111001011000
101010001100101010111100
100111001100011110110011
101011101101111011000110
101001111101011110111101
101001011101000110111000
101010111101010110111101
100110001100001010101100
001110110110100001010100
010101001000010101110010
010110001000101101111000
010100101000001101101101
010101111000100101110000
010010010111011001011111
010010100111101001100010
011010111010001110001000
100010011100010110101001
100100001100111110110010
100001111100011010101001
100101101101000110110101
100101101101000110110101
100101001100111110110011
100011001100100010101100
100000101100001110100101
100001111100100010101010
100010111100110010101110
100010111100100010101001
100110011101000110110110
100100011100100010101011
100000101011011110011001
011100101010100010000110
010010000111110001011000
010110011000110101100110
011100001010000001110110
011010111001110001101111
011010011001101001101101
011001011001011001100111
011000001001000101100010
010111101000111101100010
010110111000111101100001
010110101000110101100010
010111001001000101100101
010111111001010001101010
010111011000110001101000
010111011000110001101000
011001011001011101110001
011000011001000101101001
010010000111100001001110
011011011001101001110011
011010111001010001110010
011111111010001010001010
010010110110010101011000
010000100101011001010100
010110000110011101101100
010110010110001101101101
011000100110101001110111
111100101111100011110110
111101011111111011111011
111100101111110111111001
111101001111111111111100
100110001010011110100010
101001001011100110110000
101010011100101110111010
101000101100111010110111
101001001101010010111010
101010101101101011000000
101100001101101011000010
101101001101110011000100
101101001101111111001011
011001011001010010000000
001101100110101101010111
010001100111110101101000
010010101000001001101001
001110010110111001010100
010000110111000001011001
011110111010101110010011
100100101100110110110001
100011101101000110110010
100001011100101010101011
100011001100111110110000
100011001100100010101100
100110111101001110111000
100100001100011010101100
100010011100000110100110
100110001101001110110111
100101101101001110110100
100011001100011110101001
100101001100111110110001
100100001100011110101010
100101001100101110101110
100000001011010110010111
011110111011000110010001
010110011000110101101001
010000100111010001001111
011000111001001101101101
011000101001001001101000
011001101001011001101100
011001001001010101101000
011001001001010001101010
011001101001011001101100
011000111001011001101011
010111111001001001100111
010111001001000101100111
010111101001000001101010
011001001001001101101111
010111111000111001101010
011000111001011001101101
011001011001100001101101
010100101000010101011010
010100011000000101010111
011100101001111001111010
011100101001100101111100
011101111001011010000110
001011000100001100111011
010111000110111001101110
010101000110000101101001
010111110110011101110010
111110101111111111111011
111101011111111011111001
111101001111111111111010
110110011110100111011111
100011011001110110010011
101111111101001111000111
101000011100001010101111
100101001011111010100110
100111101100111010110100
101011011101111011000001
100011001011011010011110
011010101001001001111010
100100011011110010101000
101000001101000110111100
011101101010110110011000
001101110111001101011010
001110010111100001011101
011100011010100110001110
100101001100000110101010
100110011100011010101111
011111001011100010011100
100010001100101110101100
100001001100100110101010
100011111101001010110011
100100001100111110110010
100110011100111110110101
100101101100010010101010
100110001100001010101010
101000101100111010110101
100110111100101110110001
100100101100010010101001
100101011100101010101110
100100011100011010101100
100101111100110010110010
100000001011001010010111
011110011010101110001110
011001101001011101111001
001100110110010101000010
010111011000110001101000
011011011001110101110111
011000101001001001101010
011000001001000001100110
011000001001001101101010
011001001001011101101110
011001001001011101101110
011000001001001101101010
010111011001001001101000
011000001001001101101010
011000001001000001101010
010111001000110001100110
010111011001000001100101
011001001001100001101010
010110101000111101100001
001101100110101100111101
011101101010011001111110
011101011010000110000000
011111101010000110001001
001101010101000101000011
010011010110001001011101
010100110110000101100100
010111100110011101110000
111110011111111011111010
111101001111101011110110
111101011111111111111011
100011001001110010010010
101010101011011010101100
100100111010001110011000
100000101001111110001101
101001101100111010110110
100110111100101110110001
011111111011000110010110
010000110110110101010101
010001000110101101010110
100110011100010110101110
100101101100011110110001
100100101100110010110100
100010011100011110101110
011111001011101110100000
100011001100011110101011
100101011100011110101110
100111111101000110111000
100001111100001010100110
100101001101001110110110
100000111100001010100101
100001001100001110100110
100100001100111110110010
100011111100010110101011
101000001100000110101100
100111111011011010100100
100101001010100110011000
101001001011110110101000
101011101101000110111001
100110011100010110101100
100100111100001110101101
100101001100010110101111
011111011010111110010110
011110101010101010010000
011110011010100110001111
001101000110010101000111
010100000111111101011111
011000001000111101101011
011000101001001001101100
010111011000110101100111
010110011000110001100011
010110111000111001100101
010111011001000001100111
010111001000111101100110
010111001001000101100101
011000011001010001101011
010111001000110001100100
011000101001001001101010
011000001001000101100100
010110111001000101100000
010111011001010101100100
001101010110110100111100
011011001010000001110010
011011011001101101110110
011101101001110110000000
011000000111111101101101
010000010101100001001110
010110010110100101101000
011000000110100101110000
111110111111110111111100
111110111111111111111111
111001101111010111101110
100001011001010110001011
101101011011110010110100
101111111100100111000000
010100110110101001011010
100101111011101010100110
100000111011001110011011
100011001011111010100101
001110010110001101001101
010110111000001001101101
101000111101000010111001
100010001011110110100011
100010111100010110101100
100011101100110110110010
100101001101000010110100
100110001101001110110111
100010011100010010101000
100011101100011010101011
100011001100010010101011
100001001011101010100010
011111011010111010011000
100011111100001110101100
100101101101011110111001
100001111011110110100011
100011001001111010001110
010111100101101001010001
001111100011000100101001
011000110101111101010011
101001011011100010100100
101010101100110110110111
100110011100010010110001
100010001011011110100101
100000011011000010011100
011100011001111010001001
100000001010110110011000
010010110111100101011111
011011001001101001111110
010010010111100001011000
010101101000010101100011
011010001001011101110011
011001101001011001110000
010111011000110101100101
010101111000101001011111
010111001000111101100100
011000101001011001101000
010111101001001001100100
010111101000111001100100
011000011001000101100111
011001001001010101100110
011000011001011101100101
011000101001101101100110
001011110110100000110011
011000001001011001100100
011011101001111001110100
011010011001001001110000
011110101001110010000011
001011100100011000111000
010011110110001001011110
010110000110001101100111
111110001111100111111101
111110001111111011111110
101000001011000110101011
100000111001001010001011
110100101101001111001110
100011011000111010001000
010000100101001001000101
101010101100100110110111
011000001001000001111000
100110001100110110110011
011011001001100010000001
011110011010001110001101
100100111100001110101011
100001001011101010100000
100110011101010010110110
100100011100111010101111
011000001001101101111111
011101011011000010010100
100100101100111010110010
100011001100011110101011
100111011101000110111010
100010001011100010100010
100010111011010110100001
101011001101100111000100
100000001011110010100000
100000101010111110011000
101000101010001010011000
011100100101011001010011
100001110110000101100000
011001010100100101000101
010010010100011100111010
101011011100001010101111
101000101100011110110110
100000101010111010011111
011110011010010110010110
011011101001101010001001
100000001010101110011000
010011010111101001100101
011011111001110110000011
011000111001000101110101
010101011000001101100110
010101011000010001100010
011010101001100101110101
011001011001010101101101
010111101001000101101000
011001101001100101101110
010111001001000001100010
010111001000110101100000
011000101001000101100111
011000111001010001100111
011001011001011001100111
011000011001011101100101
011000101001101101100110
001111000111010100111110
011000011001011101100011
011011001001110101101110
011010011001001101101101
011110001001101001111111
001100110100111000111101
010100100110010101011111
010110110110011001101100
111110101111110111111111
111100001111100011111010
011100001000000101111011
101101111100001010111100
111101001110110011101010
100001100111110001111010
011001010110110101100010
100101111011001010100001
011011101001111010001000
100101001100101010110010
100100001011110110101000
100110101100011010101111
100111001100111010110101
101000011101100010111011
100010101100001110100011
010010101000010101100101
001010110110001101000110
010011111000101001101110
100100101100111010110100
100010011100000110101000
100101111100100010110010
011100111001111010001010
100111101100001110110001
101011111101011011000011
100000011011001110011010
100111111011111010101100
110100101011110110111010
100001110101011001011010
101000010110110101110001
100010100101111001011101
010111100100001100111100
100010101000100001111100
101011011100011110111010
011111111010100110011011
011101011001111110010001
011011111001101010001001
100000001010100110011001
010101011000000001101101
011101001001111110001011
100001101011001010011001
010011000111100001011101
001111110110110001001101
010101111000011001100100
011000001000111101101011
010110101000101001100010
011000001001000001100110
011000001001000101100100
011011011001111001110001
011001111001011001101100
011000111001010001100111
011000111001010001100101
011000111001100101100111
011001101001111101101010
010100101000101101010100
011000101001100101100010
011001111001100101101000
011011001001011001101110
011110101001110101111111
010000100101110101001100
010110000110110101101000
011000000110110101110101
111111001111111111111111
110101001101110011011110
010011110110000001011010
110001101100111111001010
110000001011000010110000
100000100111000001101110
101001001010010010011100
100101111010111010011110
100011001011110010100110
100001011011111110100110
100110001100100110110011
100111101100101110110110
100101101100100010101111
100101001100100110101101
010100111000101001101011
010000000111011101011000
001101100110111001010001
010111001001010001111001
100110011101001110111010
100100011100011110101111
100100101100001010101100
011011101001100110000101
101100101101011111000101
100001111010100110011000
100001111010110110011000
111101101111111111110100
101010000111111110000011
101001010110011001101110
110000111000101010010000
111111111101000011010001
100011010101110101011011
011011100101010101010000
100100101010001110011001
011100111001110010001110
011111001010001010010101
011110011010001010010010
100001001010110110011101
010111111000100001111000
011001011000111001111100
011111011010100010010100
011110111010011110001110
010011010111100101011110
001110010110011001001001
010101101000010101100011
011010011001100001110100
011000001001000001101000
011000011001000101101001
011001101001011001101100
011001001001001101101001
011010111001101001110000
011010111001110001101111
011001011001100101101001
011001001001101001100110
011001001001101101100100
011010001001110101101001
011001101001100001100111
011011011001011101101111
011111001001111110000001
010010000110001101010010
010100010110011001100001
010101110110010101101110
111101001111100111111100
101100111011110010111011
011110001000100110000001
111100001111010111101111
101000011000100110001001
100000100110011001100101
110001111011111010110111
100110011010100110011100
100100101100001110101101
100010011100010110101011
100110001100110010110110
100110111100101110110101
100100111100010110101100
011100111010100010001100
001011110110000101000100
010100101000011101101001
010000000111011101011010
011011001010001010001000
100111001101001010111010
100101101100101010110011
100110111100110010110110
100100001011110110101000
101100111101101011000111
011011011000111001111101
110101001110101111011011
111101101110111111100111
100101100101110101100110
101010010110000101101100
111000111011000110110100
111111111110010011100101
110000010111111110000011
011000110011010100110101
011110101000010001111001
011101011001110010001010
100000111010100010010111
011110111010000110010010
011111111010010110010110
011010001001000110000001
010111011000011001110110
011101101001111110001101
010010010111001101011111
010000010110110101010110
001011010101100101000000
001100000101110101000000
010011010111101001011011
011001111001010101110001
011011111001110101111001
011001001001001001101101
011001101001010001101111
011000111001000101101010
010111011000110101100011
010111011001000101100011
010110001000111001011100
010110111001000101011101
010111111001001101100010
011010101001100101101011
011010101001001101101011
011110001001101101111101
001111000101011101001000
001110100100111001001101
001110100100100001010101
111110111111111111111111
100010101001010110001111
101010101011101010110000
111110101111110111110100
100001000110011001100110
011111010101100101011001
110110101100101111000100
100101101010010010010101
100101001100011010101101
100011101100110110110010
100101011100101110110100
100111111101000010111011
100101111100101110110100
100011011011111110100100
010111111001000001110011
010001000111010101011000
001100100110010001001001
011011011010001010001000
100110111101000110111001
100100001100011010101110
100110101100111010110111
101000011101000110111011
100100101011100110100110
100000101001111010001111
111110001111111111111000
111111001110100111100101
100100010100111101011011
100011010100000101001101
110100111010010110100101
111111111110110111101011
110000100111001101111001
011101100011100000111011
011011110111001001100111
011111101010010010001111
100001111010110010011010
011110111010000010001111
011111001010000110010000
011101101001110010001101
011000111000100101111010
011110001010000110010001
001100110101110001001010
010001100111000001011100
010101011000000101101010
001110000110010001001011
001011100101101000111111
010010010111011001011001
010110101000011101101000
011011111001110001111011
011010101001100001110100
011010101001100001110011
010110001000100001100000
010100011000000101010111
010101111000101101011011
011011111010001101110011
011100011010001001110011
011001101001001101101000
011010101001001001101101
011101011001011101111100
001011000100011000111001
001010100011111000111111
001001110011011101000111
111110001111111111111100
011011110111101001110010
101111001100110010111111
111110111111110111110000
100101000111000101101111
100100110110100101101010
110110101100011111000000
100111101010100110011001
100101101100100010101111
100011111100111110110100
100101001100101110110100
100110001100110010110110
100100001100010010101101
101000111101010110111100
101001011101001110111001
011100001001110010000001
010110111000010101101101
100001111011011110011111
100110011101001110111010
100011111100101110110001
100011111100011110101110
100101111100011110110001
011110101001110010001011
101010101100000010110011
111100011111011111101101
111111111110110111101011
100001010011111001001100
100000010011010101000001
101110011000110110001100
111111111111000011101110
101111100110011101110000
100001000011101101000010
010111110110000001010010
011111111010001010001010
100001101010100110010011
100000001010011010010001
100000011010011010010100
100000001010011110010101
011000011000011101111000
011100111001100110001010
011000001000100101111001
001111010110011001010100
010010100111001101100001
010100100111110001101000
010000000110110001010101
001101110110001101001010
001111100110101001001111
010110111000100001101011
010110011000011001100101
010001110111010101010001
001111010110110101000111
010111001000110001100100
011001001001011101101100
010110111000111101100001
010111111000111001100010
011011001001011001101110
011011101001001101110001
011101001001010001111100
000111100011100000101101
001010110011111001000100
001010010011100001001101
111100111111111111111011
011101001000010001111010
101101111100110010111101
111101101111110011110000
101011111001001110010000
100011110111000001101101
101010001001101110010011
101000011010111110011110
101000011100111010110111
100110101101011010111100
100110001100111010110111
100101011100100110110011
100101111100110110110101
100101011100101010101110
100111111100110110110001
101010011101010110111010
100100001011110010100011
100101111100100110101110
100001011100000110100101
100010111100110010101110
100001101100001010101000
100100001100000110101011
100000101010011110010101
110011001110000011010100
111110111111111011110111
111111111111010111110101
011111110100000101001100
100101000100111001011001
100111000110110001101100
110110101010010010100100
101100110101100101100101
100110010101001001011000
011011010110110101100001
100010001010101110010101
011111011010001110001110
011110001001110110001011
011110111010001010001111
100000111010101010011000
011010011001001010000010
100000111010110010011100
011100001001100110001001
010001100110111101011111
001111010110011001010100
010011100111011101100101
010011000111011001100010
010011110111101001100110
010010100111011001011111
000111100100101000110001
001000110101000000110011
010100010111111001011101
011000111001000101101101
011000101001001001101010
010111011000110101100011
011001101001011101101010
011100011010000001110100
011001011000111101101001
011011101001001101110100
011100111001000001111110
000101100010110000101001
001011010011111101001001
001011110011101101010011
111010111111111111111100
011011001000011001111101
100111011011011110101010
101011001011110010110001
100010001000001101111101
011000100101101101010011
011101110111111101110010
101010001011111110101101
101001011100111110111001
101000111101010110111100
100111001100110110110111
100101111100110010110010
100100011100111010101111
100100101100111010101100
100110001100101110101010
100101001100010110100101
100100001100011110100111
100011101100101010101000
100001011100010110100011
100010101100101110101011
100010101100011010101010
100101001100101010110010
011101001001111010001010
110100001110100011011011
111111001111111111111011
111111111111011111110111
100100010110011101101011
100010110101001001011001
101000010110010001101011
101010000110001001101010
101101000101111001101001
100101010101100001011111
011100010111010001101011
100011011011001010100001
011110011001111110010000
011100111001110010001100
011101001001111110001110
011110111010011010010101
011100011001101110001101
011101011001111110010001
011110101010001110010011
010111001000010101110101
010001000110101001011011
010010010111001001100010
010010110111010001100010
010000110110110001011010
010110001000001101110000
010010110111011001100010
001010110101010100111111
010100100111110101100001
010110011000011101100011
011001101001011001101110
011011011001111001110001
011001011001011001100111
010111111000111001100100
011100101001101101111001
011011111001000001111011
010101010110111101100110
000111100011000100110101
001001110011010001000100
001011110011011001010000
111010001111111111111100
100011001010101010100000
101000101100001010110101
101000011011101110101110
100010001001011010001001
011101011000000101110101
011011101000010101110101
101100001101000110111110
101001001100111010111000
101000111101000010111001
100101101100001110101100
100011101100000010100111
100011001100100110101000
100001111100010010100010
100100001100011010100100
100011001011111110011110
100101111101000010101111
100101001101000110101111
100011111100110010101011
100011011100101010101011
100101011101000010110100
100100101100011010101111
011100111001111010001011
101110101101100111001010
111100011111111011110101
111110111111100011110011
101010101001100010010110
011110100101110001011100
100010010110000101100010
100001000101001101010110
100101000110000001100010
011111010101111001011100
011100000111110101110100
011100001001011010001001
011101101001111110010001
011110001010001010010100
011100101001111010001111
011010011001010110000110
011100111001111110010000
011010001001010010000101
011111011010100010010111
011111101010011110010111
010011010111001101100100
001111010110011001010110
010011110111100001101000
010000010110110001011011
010010110111011001100101
010001000110111101011100
010001010110111101011011
010110111000010101101101
001110010110011001000111
011000101001000001101011
011010011001100101101111
011000011001000001100100
011011011001101001110011
011100001001011101111010
011000011000000001110000
001101110100110101001010
001011100011111101000111
010000000100101101011101
010000010100011101100001
111010111111111111111000
010100100110111001100000
011101001001011010000101
101000001100000110101110
101011101100100110111000
101110001101001111000000
101100111101011011000010
101001001100101110110110
101000101100110110111001
101011011101100011000100
101000011100100010110101
100100011011110110100110
100100111100101110110000
100011001100100110101010
100110101101000110110010
100011011100001010100100
100101101100101110101101
100011101100010110101000
101000011101100010111011
100101111100110110110011
100011111100010010101010
100101101100011110110001
011111011010100010010101
011000001000010101110100
101000001011110010101110
101111011101000111000101
100111111010110110100000
011100000111110001101110
100010111001011010001000
100000011000110001111100
100010011001011010000101
100101011010011110010111
100000111010001110010100
011110001001111010010001
011011111001100010001010
011100011001101110001101
011111001010100010011001
011010111001101010001010
011110001010011110010101
011111001010100010010111
011101101010000110010000
011101101010000110010000
011001101000111101111111
001101110110000001010000
010000000110100101010111
010101000111111101101100
010010010111010001100001
010000000110101101011000
001110110110010001010010
011111011010011110010011
010111001000100001101101
010001000111000101010000
010111111000110101101000
011010001001010001110000
011010101001001101110001
011001001000011001101101
010010010110010101010111
001011110100001101000001
010011010101101101100100
010101110110000001110001
010101110101110101110011
111011111111111111111000
011010101000001001110100
010110000111100101101000
010100010111010001100000
011110001001011110000101
101010011100110010111000
100111101100100010110010
101000101100111110111000
100111001100110010110110
101011001101100111000100
101001011100111110111011
100101011100001010101101
100101101100111010110101
100001001100000010100110
100110101101001010110111
100110001100111010110100
100101001100101010110000
100100111100100110101111
100110001100111010110110
100011111100010110101101
100011111100010110101101
100101101100011110110010
100110111100100010110100
100110001100000110101111
100100101011011110100110
100101001011011010100110
100110011011101010101001
101000111100010010110001
101001011100101110110110
100111111100011010110001
100011001011100010011111
011101011010000110001010
010001100110111101011111
011100101001101110001101
011110001010001010010100
011011001001100010001001
011011011001110010001100
011011111001111010001110
011100101010000110001111
011101001010001110010001
011010011001010110000100
011100001001101110001010
100000111010110010011100
010011110111101001101001
001101110110001001001111
010000000110110101011001
001110000110010101010001
001111100110101101010111
010011110111101001101001
011100101001110110001100
011110001010010010001101
010001000111000001010101
010001000111000101010010
011101001010000001111111
011001101000101001110000
001111000101110001000111
001101110101000101000110
010010000101101001011010
011000100110111101111000
010110110110010001110011
011000110110101001111100
111100101111111111110111
111000011111010111101001
011011101000100101111010
011110111001011110001000
010101010111000101100010
010101000111011001100101
011101001001111110001011
100100101100001110101101
100011101100010010101101
100101011100101110110100
100110011100110110110111
100101011100101110110100
100011001100101010110001
011011011010101110010010
100001001011111010100110
100100001100101010110010
100100011100110110110100
100100101101000010110111
100011111100110110110100
100100001100111010110101
100011101100101010110001
100010111100001010101011
100010111011111110101001
100100101100000110101101
100110111100010010110010
101001001100101110111001
100101111011110010101011
100110111100000010101110
100000001010010110010011
011010011001000001111101
010011010111100001100100
001111100110100101010110
011010111001010010000100
011011111001100010001000
011011101001100110001000
011101001010000010001111
011101111010011010010100
011011111010000010001101
011011011001111010001011
011101001010001110010001
011110011010011010010010
011110111010100010010100
011101001001111110001100
011110001010001110010000
100001001010111110011100
011101011010001010001110
011101011010001010001110
011101001010000010001111
011111101010101010011011
011100101001110010001110
011101011010000010001101
011100011001110110000110
010010000111001101011000
010010100111001001011000
010001000110010101010000
001110110101011101001000
001111100101001101001110
010111110110111001110001
011000000110101001110011
010110010110000101101110
011000110110101101111000
111110111111111111111011
111010001111001111101011
111100101111111111111011
011010001000000001110011
011111001001011010001011
100011011010110110011110
001011110101100001000110
001110000110010101010001
010110111000101001111000
011011111001101110001010
100011011011011010100110
100110001100000110110001
100110111100011110110110
100100011011110110101100
101000001100100110111001
101000111100110010111110
101000011100101110111101
100101111100001110110100
100011011011100110101010
100100101011110010101110
100010111011010010100100
100101011011101110101100
100101101011100010101010
100010011010100010011001
100000001001110010001110
011101011001000110000011
011001111000001101110101
010111010111110101110000
001101100101100001001010
010010010110111101100000
011110011010010010010011
011111101010101010011001
011011011001100010000111
100000111010111010011101
011110101010011010010101
010101111000011001110100
011001101001011110000100
011011001001110110001010
011011011001111010001011
011010101001101110001000
011101001010001110001111
011101001010000110001101
011110011010010010010001
011110111010100010010100
011110111010100010010100
011100001001111110001011
011110011010100010010100
011101101010010110010011
011011101001101010001101
011110001010010010010111
011100011001110010001011
011111111010101010010111
010111011000010001110001
000100000011010100100011
001100110101001001000011
010010010110001101011010
010101000110011101100101
010111110110110001110010
010101010101111001100111
010111010110010101110000
011000000110100001110011
111111111111110111111111
111110011111101011111100
111110001111111111111111
111100101111111111111111
100010101010001110011111
011001011000001101111011
100101101011010110101101
010100010110111101100111
001101000100101101000011
001110010100101001000100
010101010110000001011100
011001000110101001101000
011010010110111101101101
011011110111010101110011
011011100111010001110010
011001100110110001101100
011010110110111101110010
011010110110110001110000
010111010101111001100000
011000110110001101100101
011010010110010101100110
010110100101010001010100
010011110100100101001001
011001000101111001011110
011000000101110001011011
011000000110001001011111
010011110101101001010100
010110110110111001101000
011000000111111001110100
011100001001011010001001
011101001010000010010001
011101001010001110010011
011111001010100010010111
011110101010010110010010
010110101000011101110011
010001010111010001100000
011010011001101010000101
011110111010111110011001
011111001011000010011010
100010101011101110100110
100010111011101010100110
011101001010001110001111
100000011010111010011010
011101001010000110001101
011100101001111110001011
011110011010100010010100
011100111010001010001110
011011001001110110001010
011101111010011010010110
100000001010111110011111
011111001010100010010111
100000011010110010011011
011101101001110110001011
010000010110001101010101
010100110110111001100101
010101110110101101101001
010111100110110101110000
010111000110011001101111
010101100101111001101001
010111110110010101110001
010111100110011101110000
111111001111100111111111
111111011111110011111111
111110001111110011111111
111010001111001111111001
101110011100100011001101
010110100110110101110001
001110010100110101001110
100010001001101010011010
100000011000111110001111
010110010110001001100001
011000100110010001100011
011110110111011101111000
100001110111110010000000
100011101000001010000110
100011110111111010000110
100110111000011110010000
101000001000010110010100
100101110111101110001010
100110000111110010001011
100101100111101010001000
100100100111011010000010
100101100111110010000101
100100110111111010000101
100001000111010001110111
011110010110111101110000
011100000110111101101101
010111010110011001100011
011101101000100110000011
011110101001100110010001
100001101010111010100011
011100001001111010010001
011110001010100010011010
011110101010011010010101
011011101001101110000111
011001111001011010000010
011111101010111110011010
100000001011010010011110
100101011100100110110011
100100001100010010101110
100100101100011010110000
100011111100000010101011
100001101011010110100001
011101101010001110001111
011101001010000110001101
100000101011000110011101
011011011001110010001000
011001101001011110000010
011110111010110010010111
100110101100100110110111
101001011101010011000010
011111101010101010011001
011101001001111110001110
011110011001111110010000
011110001001100110001110
001001100011111100111011
010101110110101101101010
010101110110010001101010
010111100110011001110001
011000010110011101110011
010110000101111001101010
010111000110010001101111
111101001111101111111111
111001101110110011111100
110010001100100111011101
100001001000010110011001
001111010011111001010010
001010100010110100111110
001011000011010000111111
000111010010100000101110
011001000111001101110110
100000011001010010010010
011101111000100010000010
010110100110001101011110
011110000111010001110011
101010001001100010011011
101101001001101010100011
101111111001101110101001
110000011001011010101010
110000111001011010101011
110001111001110010110000
101111111001101010101011
101100101001011010100100
101011101001101010100011
100110001000110110010011
011011010110110101101101
010011000101010101010010
011011010111111001111000
011111011001011010010000
100000011010001010011001
011011111001010010001100
100001001010111010100100
011110111010011010011100
011001111001010110001000
010010000111010001100011
010101111000010001101111
100001001011010010011110
100110111100110010110110
100100001100010010101101
100100011100011110101111
100101101100110010110100
100101111100101110110100
100100111100010010101110
100101011100011010110000
011100111010001110001101
011000101001001001111100
011010111001101110000101
010110101000101001110100
011101001010010110001111
101000101101001110111101
100010001011100110100011
011101111010011110010001
100001111011010010011111
011110111010011010010011
011101101001110010001101
100001101010011110011110
010010010110001001011111
010011100110001001100011
010101100110001101101011
010111000110010001101111
011000000110011001110100
010111110110010101110011
010110100110001001101111
101110001100001111010111
011101010111110110010100
010000100100001001011100
001100100010111101001010
001100000010110101001000
001101000011011001001101
001101000011101101001101
001001110011010100111110
011011101000011010000110
010111100111110101110111
011001011000010101111010
011111101001100010001011
011111001000100110000010
011001010110010101100011
011011110110010101100110
100010000111010001111101
100101000111100010000111
100111010111111010010000
100110000111110010001011
100101101000000010001101
100000010111010001111101
011010010110011101101100
011000110110100001101011
011101111000011110000100
011110011001001010001100
100011111010111010100110
011110011001111110010100
011110001010001010010110
100001011011000010100110
011010001001001110001001
010001110111001001101001
010000010110110101100000
011010011001011010000010
100111011100110110110111
100111001100110010110110
100100001100010010101101
100110001100110010110101
100010111100000110101001
100110111101000110111001
100101011100101110110011
100111001100110110110111
100010011011101010100100
100000011011000110011011
010101011000010101101111
011001101001011010000000
011101101010011010010000
100111111101000010111010
011011111010000010001010
010010000111101001100001
001111010110110101010101
011011111001110010000101
011011111001101010000111
100001101010110010011101
011111111010000010010111
011010111000010110000010
010000110101011001011010
010101110110010001101100
010111000110010001101111
010111110110010101110011
010111100110010001110100
010110110110001101110000
010001000100101101100111
001011100011001101010000
001001110010100001000111
001011110011001001010001
001100100011101101011000
001011010011110101010100
001001000011100101001010
000110010011011000111100
011101001001101110011000
101001001101001011000111
011111101011000110011110
010011111000000001101010
010111001000010101110011
011001111000100101111001
011000101000001001110101
011100011000110010000011
011011111000001110000001
011010100111110001111100
011011000111111001111110
011100001000001010000010
011101101000101010001001
100000001001100110010101
100001101010001110011110
100000001010000110011010
011101101001101110010011
011000011000101110000001
011000011000111110000100
010111101000111010000010
010000100111000001100101
010001000111001001100111
010100110111111001110100
010101011000000101110100
100100111100000010101100
100111011100110110110101
100111001100110010110100
100001111011110010100010
100001001011100110011111
100101001100101010110000
100101001100101010110000
100101101100110010110010
100100011100001110101010
100010011011101110100010
011101011010010110001111
010011010111110101100111
010111001000110001110110
100100011100000110101011
011001101001011110000001
010011010111111101100110
010011100111111001100100
010010000111100001011110
010101111000010001101101
011111111010101010010110
011011001001010110000101
100000001010000110011000
011111001001011010010011
001111110101001001010110
010110000110011101101110
010110110110010101101111
010111100110010001110010
010111010110001101110001
010110110110001001110010
001000110010110001001001
001100000011011101010100
001101100011100101011010
001100000011010001010111
001001010011010001010001
001000110011011101001111
001001100011110101001111
001001010100001101001011
011000001000100110000101
100110001100101110111100
100110001101001010111010
100100111100111110110101
100000111011011110100000
011010101001101110000101
010011010111111001101001
010010100111100101101001
010110011000001101111001
010111101000001101111100
011010111001000010001001
010101110111101001110100
010010110110111001101000
010010010110111001100111
010101010111110101110101
010000100110110001100010
001100010101111101010101
010010010111100101101101
010100011000001101110111
010100001000001001110110
010110111000101101111111
011000101001000010000101
001111010110100101011100
011110111010010110010111
100101101100001110101110
101010001101010110111110
011100011010000110001001
010101101000100001101111
010111001001000101110111
100101001100101010110000
100100111100100110101111
100100011100011010101100
100111101101000010110111
100000111011010110011100
100000011011000110011011
001001110101011101000001
011111111010111110011001
010111101000111001111000
010100111000010001101110
010111101001000001110111
010100111000001101101001
010001100111011001011100
010101001000000101101010
011111111010101010010110
011011111001100010001000
011101001001100010001110
100000111010000010011100
001101000100100101001100
010110000110100101110000
010110100110011101110000
010111000110010001101111
010110110110001101110000
010110110110001101110000
001010010011101101010011
001011000011101001010100
001011110011010001010100
001100000011010101010101
001100100011110101011011
001100100100000001011010
001101010100011001011010
001110110101000101011100
010101010111100001110100
101001101101001011000101
100001101011110010100100
011110011011000110010110
011000001001000001111000
011010011001010010000000
100010111011011010100011
100000111010110010011100
011110001001011110001111
011000111000000001111011
010011100110101101100110
010011110110110001100111
011000000111111101111010
010111101000000101111011
010110101000001001111010
010111011000101110000001
010111011000111110000110
010111111001001110000111
010111011001000110000100
010110001000110001111111
011000011001000110000011
011000001000110001111111
010011110111100101101011
100111101100011110110111
101010111101011111000000
100011101011110010100010
011001011001010101111011
010001110111100101011110
010000110111100001011100
100001111011110010100000
100100001100010110101001
101000011101011010111010
100001101011100010011111
011110111010110110010100
011010011001100110000001
010011010111101001100011
100100001100000010101000
010001000111010001011100
010111111001000101111000
010101011000011101101110
010011110111111101100101
001110110110100101001111
010101101000001101101110
011101111010001010001111
100000001010100110011011
011101011001101010010010
100011111010111010101001
001111010101011101010110
010101110110101001101110
010110010110100001101111
010110100110010001101101
010110110110001101101110
010110110110001101110000
001011110100000001010100
001011110011101101010011
001100010011010101010010
001101100011100101011000
001111010100011001100011
010000100101000001101010
010011000101100101101100
010100110110010001101110
001111110101100101011000
101011001101000011000100
011000101001001001111010
010011111000000101100110
010111101000100001110010
010100100111110001100110
011110111010100010010100
100001101011000110100000
011111001010000010010100
011011111001000010000111
010110100111101101110010
011010111000110010000101
011011111000111110001010
011110111001111010011000
011000111000101010000101
010101001000000101111010
010111011000110010000100
010101011000100101111101
010101111000101101111111
010110011000101101111111
011000101001000010000011
010100010111110101101110
011101101001111110001111
100110101100000110101111
011111001010011010010000
010110001000011001101100
100001101011011010011100
010100101000010001101001
001111100111001101010111
100011001100000110100101
100101111100110010110000
100011001100000110100101
100000101011010010011011
100010001011100010100000
010010100111011101100000
011001001001000101111010
100101011100010110101101
010110011000100101110001
010011010111111101100110
010110101000101001110010
010011010111101001100011
001110100110011101010000
010010010111011001100010
011100111001111110001110
011011011001011110001011
011101101001101110010011
100000011010000110011100
001111010101101001011000
010101010110101001101011
010101100110100001101100
010110000110010101101011
010110100110010001101101
010110110110001101101110
001100010011100001001011
001110010011111001010100
010000110100001101011111
010010100100101101101001
010011010101100101110011
010100010110000101111000
010100000101110101101110
010010000101010101011110
001110000100100001001000
011100111000101010000000
011001001000101001110101
011010001001001101111000
011100111001100110000010
010010010111001101011101
011001111001110110000110
011101011010111110011001
011110001010111110011010
011010001001110110001011
010111011000110101111111
010111011000101110000000
010101100111111101110111
011011111001011110001111
011110001001111110011010
011010111001010010010000
011001111001001010001011
010111001000101010000000
010111001000101010000000
011000001000111010000011
011000101000111010000001
001111010110011101011001
011001011000101101111100
010111011000010001110001
010111111000100101110001
010100111000000101100101
100011001011110110100000
100001111011100110011100
100010011011111010100010
100100001100010110101001
100110101100111110110011
100101001100100110101101
100000001011001010010111
100010101011101010100000
010010110111100001100001
100010011011011010011111
101000011101000110111001
100011001011110010100100
001111110111000101011000
010100001000000001101000
010000010110111001011001
001101000101111101001100
010101001000000001101111
011110011010010110010110
011110101010010010011000
011101111001111110010110
100001011010100010100010
001101010101001001001110
010100100110101101101000
010101010110100101101010
010101110110011001101001
010110100110010101101001
010110110110010001101101
001111110100001001010011
010001110100101001011101
010101000101010001101100
010110100101110001110011
010100010101110101110011
010011100101110101110000
010100110101111101101101
010101010101111101101000
001111010100101101001100
010011100110001001011001
100011011010110010011100
011110001001111010000111
011001011000101101110110
010000010110110101010110
010110101001001001111001
011011111010110110010100
011110111011101110100001
011011011010101110010100
011100111010101010010111
011010101001101010001100
011000101000110010000010
001111110110001101011111
010100100111010001110011
011101001001011010010101
011100101001010010010011
011100011001010110010001
011010111001001110001011
011010101001001010000111
011001001000110101111111
001100110101110001001100
010100110111110001101010
011111011010011110010001
011101101010001010000111
010010010111101001011101
100100111100010010100111
101000011101001110110110
100101011100101010101110
100110011100111010110010
100101001100100110101111
100011111100000110101000
011110101010011110010000
011010011001010101111110
010010110111010101100001
100011101011100110100101
100000111011000010011011
100001111011011110100001
011001101001011110000001
001100000110000101001100
001011100101110101001001
001001100101001001000001
010011010111100101101010
011101001010000010010011
011100101001110010010010
011100011001100110010000
100001111010011110100010
001010110100100001000100
010100110110100101100111
010101010110011101100111
010110010110011101101000
010110100110010101101001
010110100110001101101010
010011010101001101100001
010100100101100001100110
010110010101110001101101
010101100101110001101100
010100010101100001101000
010011100101100001100100
010100000101101001100100
010100010101111001100110
010100100110001001100010
010001000101101101010101
100010101010100010011100
011001111000110001111011
011000011000101101110111
010000000111000001011000
011010011001111110000101
011110011011010010011000
011010111010010110001100
011110001011000010010111
011110011010101010010111
100001001011000010100001
100001111010110010100100
001110000101011001010100
001110010101001101010100
001010110100001101000101
001011000100010001000110
010101000110111001101101
010011000110100101100101
010100110111010001101011
010011000111001001100011
010000100110101101011001
100000001010110010010101
011110111010100110001111
010010100111101101011101
011000001001011001110110
100111001101001010110010
100101101100110110101110
100100101100100110101100
100011111100010110101011
100100101100001110101101
100011111011110010101000
100001101010110110011011
010100100111011001101000
010000100110001101011000
100000101010011010011010
011011011001011110001001
011100001001111110001111
011110001010110110011011
010110011000111001111100
010110011000110001111011
010101101000011001110110
011010111001101110001011
011100111010000110010100
011010111001010110001011
011110011001111010010110
011111001001101110010110
001100000100100001001000
010100010110001101100101
010110010110011101101010
011000000110101101101111
011000010110101001101111
010111010110011001101101
010101010101110101101000
010101010101110101101000
010101100101110001101000
010101000101101001100110
010100100101100001100100
010100110101100101100101
010101010101111001100111
010101010110001001101000
010101010110011101101001
001011000100001000111111
010101010111001101101011
010101000111100001101100
001111010110100001010101
010111011000110101110111
100000101011011110011101
100010101100000010100110
011110001010111010010100
011101001010100010010001
100001011011000110100000
100001111011000010100010
011000011000001001111011
010001000101111001011101
010101100110101101101110
010001110101100001011111
010100010110001101100111
010101000110100001101001
010111100111011101110100
010100010110111101100111
001010100100110000111110
010010110111001001011111
011001011001000101111010
010111101000111001110100
010101001000011101101000
011110001010111010001110
100100001100011110100111
100111011101011010110110
100100011100100110101110
100100101100011010101111
100100111100001010101110
011111101010011110010111
011110111001110010010001
001111110101110101010011
010001010110000001011001
011111101001110110010101
011111011010001110011000
011011101001101010001101
011000101001010110000110
011101101010101110011011
011100111010011010010101
011011001001111110001110
011111001010110010011100
011100001001110010001111
011110001010000010010101
100000101010010110011110
011010011000011010000010
001101100100101101001100
010110100110100101101100
010101110110010001101010
010110010110001001101001
010110100110001101101100
010111000110010101101100
010101010101110101101000
010100110101101101100110
010100100101100001100100
010100100101100001100100
010101100101110001101000
010110100110000001101100
010111010110011001101111
010111010110100001101110
010111010110110001101111
010100100110011001100101
011000010111101001110110
101000101100001010110111
100001011010101110011100
100100111100000010101100
011111011010110110010111
011011011001111010001000
100000001011000110011011
011101111010011010010010
011110011010001110010101
100010011010110110100011
001100110101001001001101
010001010101110101011101
010100000110001101100111
011001100111010101111100
010010000101011101011110
010001110101100101011101
011100011000011010000111
011111011001100010010011
001101100101011001001011
010111101000001101110010
010111011000011101110011
010110011000011101101101
001111100111000001010011
100011011100001010100100
100101111100111010101111
100011101100010110101000
100100011100011110101101
100011111100000010101010
011111001010100110010101
100100011011011110101000
001101100101010001001010
001011110100100001000010
001111010101010001001110
011111101001011110010001
100000101010000110011011
011110111010000010011000
011011001001011110001101
011100001001111010010001
011100101010000110001111
011101101010010110010011
011101101010001010010001
011100011001101110001101
011111111010010110011010
011111101001111110011000
010100000110110101101001
010010110110000001100001
010111000110101101110000
010110010110011001101110
010110100110001001101101
010111010110010101110000
010111110110100101110101
010100010101100101100100
010100000101100001100011
010100100101100001100100
010101010101101101100111
010110100110000001101100
010111100110010001110000
010111100110011101110000
010111110110100001110001
010101100110001101101001
010100000110001001100100
001100100100100001000101
100111011011101110110011
101000011100001010110111
100011001011001010100011
011111111010101010010111
011111001010100110010101
011101011010000010001111
100001101011000110100000
100000111010100110011110
010110010111101001110011
001111110101100101011000
010100100110011101101010
010101110110100001101111
010110010110100001101111
010110100110011101101111
010101100110010101101010
001100000100010001000101
010101100110111101101011
001111000101101001010000
010011000110111001100000
010011000111000101011111
010000000110110001010101
011001011001010101111011
100110011100111010110010
100110001100110110110011
100110001100110110110011
100011011011111010101000
011111011010110010011000
100010101011001110100011
011011001000110110000010
010000000101101101010100
010101100110101101100110
010001000101011101010011
011001110111101101111001
011111111001100010010100
011110011001100010010010
100000101010011110011111
011101001001110010010001
011100101001101110001011
011101101001111110001101
011110011010001010010010
011101001001101010001101
011101111001101110010001
011111011001110010010110
001110010101000101010001
010101100110100101101101
010101000110001101101010
010110110110010101110001
011000000110011101110111
010111110110011001111000
010110100110001101110100
010100010101101101100101
010100100101110001100110
010101010101110101101000
010110000110000001101011
010110110110000101101101
010111000110001001101110
010111000110001001101110
010111000110010101101110
010110100110010001101101
011001100111010101111010
010000000101010001010101
011001010111111001111011
011100111001000110001001
011011001000110110000010
100001111010101110011111
011101101001110010001101
100001111010101110011111
100100011011010110101011
011100001000111110001001
001110000101001001001111
010100010110011001101001
010110110110110001110011
010111000110100101110001
010100100101111101101000
010110000110001001101011
010101100110001101101001
010001000101011001011000
001111010101001101010001
011001101000000101111010
100100001011000010100011
010111010111111101101111
100000011010100010010101
100111111100101010110110
100111111100111110110111
100100111100001110101101
100011001011101110100111
100000011010111010011010
100011001011011110100110
100001001010100010011100
001010010100011100111111
010010010110000001011010
010110110110101101101010
010100110110000101100001
010000110101000101010010
100001011001011110010111
100001001001110110011010
011101111001010010010000
100000001001111110011001
100000111010010110010111
100011011010111110011111
011101001001011010001000
100001001010010110011010
011111111001111010011000
010110110111010101110010
010001000101100101011100
010100000110000101101001
010101100110001001101110
010111110110100001111001
010111110110011001111001
010101000101101001110000
010010110101001101101010
010100100101110001100110
010101000101111001101000
010110000110000001101011
010110100110001001101101
010110110110000101101101
010111000110001001101110
010111010110001101101111
010111110110010101110001
010110110110010001101101
010011000101011001011111
010010100101100101011110
011011011000000110000010
101010001100000110111101
011110001001001110001100
011100001000111010000110
100001011010010010011100
011011011000101010000101
011010011000011010000001
010010010110001001011111
010001100101101101011100
010100010110001001101001
010101100110010101101100
010101110110000101101011
010111100110100001110010
011000100110110001110110
010101000101111001100111
010100000101111101100100
010001110101100101011001
011010111000000101111110
101011001100011110111110
101110101101100011001100
101010001100101010111100
101000111100101010111000
100101111100000010101110
100011111011101010101001
011101111010001010010001
100010101011001110100101
100000001010010010011000
001001110100010100111101
010100110110100101100110
010101010110011101100111
011010000111011001110111
010110110110010101100111
010100100101110101100001
010111010110101101101110
011111001000111010010000
100000011001011010010111
010110100111001101110000
011110001001001110001100
011100101001000010000110
011001011000001101111011
100000111001111010011001
011110111001001110010011
001101000100100101001100
010011110110000001101000
011000010110111101111100
010101100101111101110000
010101000101110001110001
010010110101000101101001
001110110100001001011100
001101000011101101010111
010100100101110001100101
010101000101111001100111
010110000110000001101011
010110110110001101101110
010111010110001101101111
010111100110010001110000
010111100110010001110000
010111110110010101110001
011000110110100101110101
010110010110001001101011
010100000101101001100011
001100100100000101000110
010101110110100101101011
001010100100000000111110
001101100100110001001010
011111001001010110010001
001101010100101101001001
001111000101000101010010
010011110110001101100100
010100100110010001101000
010111010110101001110010
010110110110010101101111
011001010110110101111010
010110000110000001101011
010111000110010001101111
010111010110011101110000
010101100110001101101001
010011010101110001011111
100001111001101110011010
100110001010111010101011
100011001010010110011111
011100001000111010000100
100010111010101110100000
100001001010010110011010
011010001000100110000000
100110011011101010110001
011011111000111010001000
001001000100000100111100
010100000110011001100100
010111010110111101101111
010101100110010001100111
010011110101100001011101
011000100110101101110000
010111010110011001101101
010001000100111101010101
010000010101000001010101
001010100011110001000000
101000101011010110111001
010000100101011101011000
010110010110111001101111
100000001001010110010110
010001000101100101011100
001110010100110001010011
010110010110101001110100
010101000110001001101111
010001010101000001100010
010000000100100001011101
001110100100000001011010
001100010011011001010011
001011000011001101010000
001010110011001001001111
010100110101110101100110
010101010101111101101000
010110010110000101101100
010111010110010101110000
010111110110010101110001
010111010110001101101111
010110100110000001101100
010110000101111001101010
010111000110001001101110
011000000110011001110010
010111110110100001110001
010001110101000101011010
011001000111001101111000
010101110110011001101001
010100110110010101100111
010110000110101001101100
010110000110101001101100
010011000101111001100010
010101010110010001101001
011000010110111001110110
010110000110001001101100
010110110110001101101110
010111000110001001110000
010111110110010101110011
010111000110010001101111
010101010101110101101000
010111000110011001101111
010001110101010001011010
001110100100110001001110
001101110100101101001010
100100111010100110100110
101111101101010011010001
010001100101111101011011
011110001001000110001101
011111111001100010010101
001100000100100101000110
001111010101001001010011
010110100110111001101111
010101010110011101101011
010101000110000101100111
011001110111000101111010
010111010110011001101111
011001000110101101110101
010110110110010001101101
011000110110110101110111
011000000110110101110110
010100110110000101101010
001110100100101101010011
010101110110100001110000
010001100101011101100001
010010010101101001100100
010100000110000001101101
010000000101000001011111
001111110100110001011101
001100110011111001010010
001101110011111101010110
001100100011100001010010
001011010011001001001111
001100010011010101010010
001110000011110101011011
001110100100000101011110
010100100101110001100110
010101100110000001101010
010110110110001101101110
010111010110010101110000
010111100110010001110000
010111010110001101101111
010111100110010001110000
010111100110010001110000
010111110110010101110001
010111000110001001101110
010111010110010101110000
010111110110100101110010
010111110110100101110010
010111010110101001110000
010110100110011101101101
010101000110000101100111
010110010110011001101100
011001100111001101111011
010100010101101101100100
011000000110101001110100
010110010110000101101100
011010000111000001111011
010100100101100001100100
010111100110010001110000
010111100110011001110001
010110110110001101101110
010111110110100101110010
010101000110000101100111
010111010110110001110001
010101000110011001101000
010001010101011101011001
010001000101011001011000
010011010101110001100001
001111110100111001010011
001111010100111101010011
010011110110000101100101
010110010110100001101101
010101000110000101100111
010101110110000101101010
011000100110110001110101
010111000110010001101111
010111000110001001101110
010110100110001001101111
010110110110001101110000
010110110110010001110011
010110110110011101110101
010111000110101001110111
010111000110100101111001
010011010101100001101100
010001010101000001100110
001110110100011101011101
001101110100001101011001
001101000100000001011000
001011010011011101010000
001100000011011101010011
001100000011010101010010
001100010011010101010010
001110000011110001011001
001110100011101101011001
001100100011011001010011
001011000011001101001111
010100100101110001100110
010101100110000001101010
010111000110010001101111
010111100110011001110001
010111100110010001110000
010111010110001101101111
010111000110001001101110
010111000110001001101110
010111010110001101101111
010110000101111001101010
010101110101111101101010
010110000110000001101011
010101110110000101101010
010110010110001101101100
010110100110010001101101
010101110110000101101010
010111000110011001101111
010110110110010101101110
010111110110011101110010
010100100101101001100101
011001110110111101111010
010110100110001001101101
010111100110011001110001
010111000110010001101111
010111100110011001110001
010111110110011101110010
010110110110010101101110
010110000110001001101011
010110010110011001101110
010110000110011101101110
010011110101111001100101
010100110110001001101001
010111100110100001110010
010111010110010101110000
010110110110010101101111
010110110110010101101111
010111110110011101110010
010111110110011101110010
010111010110010101110010
010110010110000101101110
010111010110001101110011
010111100110010101110101
011000000110011101111001
010111100110011101111000
010101100110000101110011
010011010101100001101010
010000010100111001011111
001110100100010101011011
001110010100000001011100
001110000011111101011100
001100110011101001010111
001011110011100001010101
001100010011101001011001
001100100011100001011000
001100110011100001010110
001100110011011001010101
001101110011100001010111
001100000011000101001111
001010110010110001001000
001011100010111101001011
001011000011001001001010
010100100101101001100101
010101100101111001101001
010110110110001101101110
010111100110011001110001
010111100110011001110001
010111010110010101110000
010110110110001101101110
010110110110001101101110
011000010110011101110011
010111100110010001110000
010111000110010001101111
010111000110010001101111
010110110110001101101110
010111010110010101110000
011000000110100001110011
010111110110011101110010
010111000110010001101111
010110000110000001101011
010111110110011101110010
010101000101110001100111
011000100110101001110101
010110000110000001101011
011000010110100101110100
010111010110011101110001
010101110110000101101011
010111110110100101110011
010101110110000101101011
010111010110011101110001
010110010110001101101101
010111000110100101110010
010110110110100001110001
011000110110110101111001
010110000101111001101110
010111100110010001110100
010111110110010101110101
010111000110001001110010
010111100110010001110100
011001000110101001111010
011000110110100001111011
010110110110000001110011
010110000101111101110010
010100100101100101101100
010010000101000001100101
001111010100100001011100
001101100100000101010111
001100100011111001010110
001100000011110001010100
001100010011101001010111
001010110011000101010011
001011110011010101011001
001011100011010001011000
001011010011001101010111
001011100011010001010110
001100000011011001011000
001011110011010001010100
001100100011010101010100
001011000010110101001011
001001010010010101000001
001011110010111101001001
010101110101100101101110
011111111000010010010111
010100100101101001100101
010101000101110001100111
010110000110000001101011
010111000110010001101111
010111100110011001110001
010111010110010101110000
010111010110010101110000
010111100110011001110001
010111100110011001110001
010111000110010001101111
010111100110011001110001
010111110110011101110010
010111000110010001101111
010111010110010101110000
010111100110011001110001
010111000110010001101111
010111100110011001110001
010110110110001101101110
010110100110001001101101
010111110110011101110010
010101110101111101101010
010111000110011001110000
010111010110011101110001
010111000110100101110010
010101100110000001101010
010111110110100101110011
010110010110001101101101
011000010110101101110111
010111010110011101110011
010110110110010001110011
010111110110100001110111
010111110110011001110110
011001100110101101111110
011000110110100001111011
011000010110001101111000
010111000101111001110011
010101010101011101101100
010011000101000101100101
010001100100101101100001
010000100100100001011110
001111000100001001011010
001101110011111101010110
001011110011100101010010
001010110011010101001110
001010010011010001010000
001010110011011001010010
001011010011100001010110
001100000011100101011010
001100000011010101011011
001101010011101001100000
001101010011101001100000
001100110011100101011101
001011000011001001010110
001010000010111001010000
001000100010011101000111
001011100011001001001111
010010010100101001100110
011110000111100010010000
101100001011000111000110
110110001101100111101011
111010101110111011111010
010100110101101101100110
010101000101110001100111
010101110101111101101010
010110110110001101101110
010111010110010101110000
010111000110010001101111
010111000110011001110000
010111100110100001110010
010110100110010001101110
010110010110001101101101
010111000110011001110000
010111010110011101110001
010110110110010101101111
010110110110010101101111
010111000110010001101111
010110010110000101101100
011000000110100001110011
010110000110000001101011
010111100110011101110000
010111010110011001101111
010110100110010001101101
010101010110001001101010
010111100110101101110011
010110100110100101110000
010110110110100001110001
010111110110110001110101
010111100110101001110110
010111110110101101110111
011000000110100101111000
010101000101110101101110
010110010110000001110010
010100000101011101101010
010010100101000101100100
010001010100110001011111
010000100100011101011101
010000010100011001011100
001111010100001001011000
001101010011101001010000
001100100011011001001111
001101000011101001010010
001011100011010101001111
001011000011011001010001
001011010011011001010011
001011010011100001010100
001100000011100101011010
001100100011101101011100
001100100011101001011110
001101000011101001011110
001010010010111001010100
001001000010100101001111
000110110010000001000110
000111100010011001001010
001010100011001101010100
010011010101001101110011
011100110111100010010101
101010111010111111001010
110010011100101111100010
111001101110011111111011
111110111111101011111111
111111001111110011111111
111111011111110111111111